87[Sup. 5]
82[Sup. 8]
82 86[Sup. 3]
82 85[Sup. 4]
54[Sup. 8]
54 86[Sup. 3]
54 85[Sup. 4]
83[Sup. 8]
83 86[Sup. 3]
83 85[Sup. 4]
41[Sup. 8]
41 86[Sup. 3]
41 85[Sup. 4]
37[Sup. 8]
37 86[Sup. 3]
37 85[Sup. 4]
28[Sup. 8]
28 86[Sup. 3]
28 85[Sup. 4]
64[Sup. 8]
64 86[Sup. 3]
64 85[Sup. 4]
84[Sup. 8]
84 86[Sup. 3]
84 85[Sup. 4]
26[Sup. 8]
26 86[Sup. 3]
26 85[Sup. 4]
36[Sup. 8]
36 86[Sup. 3]
36 85[Sup. 4]
48[Sup. 8]
48 86[Sup. 3]
48 85[Sup. 4]
66[Sup. 8]
66 86[Sup. 3]
66 85[Sup. 4]
78[Sup. 8]
78 86[Sup. 3]
78 85[Sup. 4]
51[Sup. 8]
51 86[Sup. 3]
51 85[Sup. 4]
42[Sup. 8]
42 86[Sup. 3]
42 85[Sup. 4]
72[Sup. 8]
72 86[Sup. 3]
72 85[Sup. 4]
49[Sup. 8]
49 86[Sup. 3]
49 85[Sup. 4]
63[Sup. 8]
63 86[Sup. 3]
63 85[Sup. 4]
77[Sup. 8]
77 86[Sup. 3]
77 85[Sup. 4]
22[Sup. 8]
22 86[Sup. 3]
22 85[Sup. 4]
59[Sup. 8]
59 86[Sup. 3]
59 85[Sup. 4]
68[Sup. 8]
68 86[Sup. 3]
68 85[Sup. 4]
32[Sup. 8]
32 86[Sup. 3]
32 85[Sup. 4]
34[Sup. 8]
34 86[Sup. 3]
34 85[Sup. 4]
24[Sup. 8]
24 86[Sup. 3]
24 85[Sup. 4]
33[Sup. 8]
33 86[Sup. 3]
33 85[Sup. 4]
76[Sup. 8]
76 86[Sup. 3]
76 85[Sup. 4]
71[Sup. 8]
71 86[Sup. 3]
71 85[Sup. 4]
29[Sup. 8]
29 86[Sup. 3]
29 85[Sup. 4]
27[Sup. 8]
27 86[Sup. 3]
27 85[Sup. 4]
58[Sup. 8]
58 86[Sup. 3]
58 85[Sup. 4]
70[Sup. 8]
70 86[Sup. 3]
70 85[Sup. 4]
31[Sup. 8]
31 86[Sup. 3]
31 85[Sup. 4]
61[Sup. 8]
61 86[Sup. 3]
61 85[Sup. 4]
69[Sup. 8]
69 86[Sup. 3]
69 85[Sup. 4]
62[Sup. 8]
62 86[Sup. 3]
62 85[Sup. 4]
53[Sup. 8]
53 86[Sup. 3]
53 85[Sup. 4]
56[Sup. 8]
56 86[Sup. 3]
56 85[Sup. 4]
21[Sup. 8]
21 86[Sup. 3]
21 85[Sup. 4]
50[Sup. 8]
50 86[Sup. 3]
50 85[Sup. 4]
81[Sup. 8]
81 86[Sup. 3]
81 85[Sup. 4]
57[Sup. 8]
57 86[Sup. 3]
57 85[Sup. 4]
40[Sup. 8]
40 86[Sup. 3]
40 85[Sup. 4]
47[Sup. 8]
47 86[Sup. 3]
47 85[Sup. 4]
38[Sup. 8]
38 86[Sup. 3]
38 85[Sup. 4]
67[Sup. 8]
67 86[Sup. 3]
67 85[Sup. 4]
46[Sup. 8]
46 86[Sup. 3]
46 85[Sup. 4]
23[Sup. 8]
23 86[Sup. 3]
23 85[Sup. 4]
25[Sup. 8]
25 86[Sup. 3]
25 85[Sup. 4]
60[Sup. 8]
60 86[Sup. 3]
60 85[Sup. 4]
35[Sup. 8]
35 86[Sup. 3]
35 85[Sup. 4]
39[Sup. 8]
39 86[Sup. 3]
39 85[Sup. 4]
79[Sup. 8]
79 86[Sup. 3]
79 85[Sup. 4]
55[Sup. 8]
55 86[Sup. 3]
55 85[Sup. 4]
30[Sup. 8]
30 86[Sup. 3]
30 85[Sup. 4]
75[Sup. 8]
75 86[Sup. 3]
75 85[Sup. 4]
44[Sup. 8]
44 86[Sup. 3]
44 85[Sup. 4]
20[Sup. 8]
20 86[Sup. 3]
20 85[Sup. 4]
43[Sup. 8]
43 86[Sup. 3]
43 85[Sup. 4]
45[Sup. 8]
45 86[Sup. 3]
45 85[Sup. 4]
80[Sup. 8]
80 86[Sup. 3]
80 85[Sup. 4]
73[Sup. 8]
73 86[Sup. 3]
73 85[Sup. 4]
52[Sup. 8]
52 86[Sup. 3]
52 85[Sup. 4]
74[Sup. 8]
74 86[Sup. 3]
74 85[Sup. 4]
65[Sup. 8]
65 86[Sup. 3]
65 85[Sup. 4]
9[Sup. 25]
9 17[Sup. 6]
9 17 85[Sup. 3]
9 1[Sup. 6]
9 1 85[Sup. 3]
9 12[Sup. 6]
9 12 85[Sup. 3]
9 15[Sup. 6]
9 15 85[Sup. 3]
9 5[Sup. 6]
9 5 85[Sup. 3]
9 6[Sup. 6]
9 6 85[Sup. 3]
9 3[Sup. 6]
9 3 85[Sup. 3]
9 18[Sup. 6]
9 18 85[Sup. 3]
9 0[Sup. 6]
9 0 85[Sup. 3]
9 19[Sup. 6]
9 19 85[Sup. 3]
9 13[Sup. 6]
9 13 85[Sup. 3]
9 7[Sup. 6]
9 7 85[Sup. 3]
9 4[Sup. 6]
9 4 85[Sup. 3]
9 14[Sup. 6]
9 14 85[Sup. 3]
9 2[Sup. 6]
9 2 85[Sup. 3]
9 16[Sup. 6]
9 16 85[Sup. 3]
9 86[Sup. 11]
9 85[Sup. 12]
17[Sup. 25]
17 1[Sup. 6]
17 1 85[Sup. 3]
17 12[Sup. 6]
17 12 85[Sup. 3]
17 15[Sup. 6]
17 15 85[Sup. 3]
17 5[Sup. 6]
17 5 85[Sup. 3]
17 6[Sup. 6]
17 6 85[Sup. 3]
17 3[Sup. 6]
17 3 85[Sup. 3]
17 0[Sup. 6]
17 0 85[Sup. 3]
17 8[Sup. 6]
17 8 85[Sup. 3]
17 11[Sup. 6]
17 11 85[Sup. 3]
17 13[Sup. 6]
17 13 85[Sup. 3]
17 7[Sup. 6]
17 7 85[Sup. 3]
17 4[Sup. 6]
17 4 85[Sup. 3]
17 10[Sup. 6]
17 10 85[Sup. 3]
17 14[Sup. 6]
17 14 85[Sup. 3]
17 2[Sup. 6]
17 2 85[Sup. 3]
17 86[Sup. 11]
17 85[Sup. 12]
1[Sup. 25]
1 12[Sup. 6]
1 12 85[Sup. 3]
1 15[Sup. 6]
1 15 85[Sup. 3]
1 5[Sup. 6]
1 5 85[Sup. 3]
1 6[Sup. 6]
1 6 85[Sup. 3]
1 18[Sup. 6]
1 18 85[Sup. 3]
1 8[Sup. 6]
1 8 85[Sup. 3]
1 11[Sup. 6]
1 11 85[Sup. 3]
1 19[Sup. 6]
1 19 85[Sup. 3]
1 13[Sup. 6]
1 13 85[Sup. 3]
1 7[Sup. 6]
1 7 85[Sup. 3]
1 4[Sup. 6]
1 4 85[Sup. 3]
1 10[Sup. 6]
1 10 85[Sup. 3]
1 14[Sup. 6]
1 14 85[Sup. 3]
1 16[Sup. 6]
1 16 85[Sup. 3]
1 86[Sup. 11]
1 85[Sup. 12]
12[Sup. 25]
12 5[Sup. 6]
12 5 85[Sup. 3]
12 6[Sup. 6]
12 6 85[Sup. 3]
12 3[Sup. 6]
12 3 85[Sup. 3]
12 18[Sup. 6]
12 18 85[Sup. 3]
12 0[Sup. 6]
12 0 85[Sup. 3]
12 8[Sup. 6]
12 8 85[Sup. 3]
12 11[Sup. 6]
12 11 85[Sup. 3]
12 19[Sup. 6]
12 19 85[Sup. 3]
12 7[Sup. 6]
12 7 85[Sup. 3]
12 4[Sup. 6]
12 4 85[Sup. 3]
12 10[Sup. 6]
12 10 85[Sup. 3]
12 2[Sup. 6]
12 2 85[Sup. 3]
12 16[Sup. 6]
12 16 85[Sup. 3]
12 86[Sup. 11]
12 85[Sup. 13]
15[Sup. 25]
15 5[Sup. 6]
15 5 85[Sup. 3]
15 6[Sup. 6]
15 6 85[Sup. 3]
15 3[Sup. 6]
15 3 85[Sup. 3]
15 18[Sup. 6]
15 18 85[Sup. 3]
15 0[Sup. 6]
15 0 85[Sup. 3]
15 8[Sup. 6]
15 8 85[Sup. 3]
15 11[Sup. 6]
15 11 85[Sup. 3]
15 19[Sup. 6]
15 19 85[Sup. 3]
15 7[Sup. 6]
15 7 85[Sup. 3]
15 4[Sup. 6]
15 4 85[Sup. 3]
15 10[Sup. 6]
15 10 85[Sup. 3]
15 2[Sup. 6]
15 2 85[Sup. 3]
15 16[Sup. 6]
15 16 85[Sup. 3]
15 86[Sup. 11]
15 85[Sup. 13]
5[Sup. 25]
5 3[Sup. 6]
5 3 85[Sup. 3]
5 18[Sup. 6]
5 18 85[Sup. 3]
5 0[Sup. 6]
5 0 85[Sup. 3]
5 8[Sup. 6]
5 8 85[Sup. 3]
5 11[Sup. 6]
5 11 85[Sup. 3]
5 19[Sup. 6]
5 19 85[Sup. 3]
5 13[Sup. 6]
5 13 85[Sup. 3]
5 10[Sup. 6]
5 10 85[Sup. 3]
5 14[Sup. 6]
5 14 85[Sup. 3]
5 2[Sup. 6]
5 2 85[Sup. 3]
5 16[Sup. 6]
5 16 85[Sup. 3]
5 86[Sup. 11]
5 85[Sup. 12]
6[Sup. 25]
6 3[Sup. 6]
6 3 85[Sup. 3]
6 18[Sup. 6]
6 18 85[Sup. 3]
6 0[Sup. 6]
6 0 85[Sup. 3]
6 8[Sup. 6]
6 8 85[Sup. 3]
6 11[Sup. 6]
6 11 85[Sup. 3]
6 19[Sup. 6]
6 19 85[Sup. 3]
6 13[Sup. 6]
6 13 85[Sup. 3]
6 10[Sup. 6]
6 10 85[Sup. 3]
6 14[Sup. 6]
6 14 85[Sup. 3]
6 2[Sup. 6]
6 2 85[Sup. 3]
6 16[Sup. 6]
6 16 85[Sup. 3]
6 86[Sup. 11]
6 85[Sup. 12]
3[Sup. 25]
3 18[Sup. 6]
3 18 85[Sup. 3]
3 8[Sup. 6]
3 8 85[Sup. 3]
3 11[Sup. 6]
3 11 85[Sup. 3]
3 19[Sup. 6]
3 19 85[Sup. 3]
3 13[Sup. 6]
3 13 85[Sup. 3]
3 7[Sup. 6]
3 7 85[Sup. 3]
3 4[Sup. 6]
3 4 85[Sup. 3]
3 10[Sup. 6]
3 10 85[Sup. 3]
3 14[Sup. 6]
3 14 85[Sup. 3]
3 16[Sup. 6]
3 16 85[Sup. 3]
3 86[Sup. 11]
3 85[Sup. 13]
18[Sup. 25]
18 0[Sup. 6]
18 0 85[Sup. 3]
18 8[Sup. 6]
18 8 85[Sup. 3]
18 11[Sup. 6]
18 11 85[Sup. 3]
18 13[Sup. 6]
18 13 85[Sup. 3]
18 7[Sup. 6]
18 7 85[Sup. 3]
18 4[Sup. 6]
18 4 85[Sup. 3]
18 10[Sup. 6]
18 10 85[Sup. 3]
18 14[Sup. 6]
18 14 85[Sup. 3]
18 2[Sup. 6]
18 2 85[Sup. 3]
18 86[Sup. 11]
18 85[Sup. 13]
0[Sup. 25]
0 8[Sup. 6]
0 8 85[Sup. 3]
0 11[Sup. 6]
0 11 85[Sup. 3]
0 19[Sup. 6]
0 19 85[Sup. 3]
0 13[Sup. 6]
0 13 85[Sup. 3]
0 7[Sup. 6]
0 7 85[Sup. 3]
0 4[Sup. 6]
0 4 85[Sup. 3]
0 10[Sup. 6]
0 10 85[Sup. 3]
0 14[Sup. 6]
0 14 85[Sup. 3]
0 16[Sup. 6]
0 16 85[Sup. 3]
0 86[Sup. 11]
0 85[Sup. 13]
8[Sup. 25]
8 19[Sup. 6]
8 19 85[Sup. 3]
8 13[Sup. 6]
8 13 85[Sup. 3]
8 7[Sup. 6]
8 7 85[Sup. 3]
8 4[Sup. 6]
8 4 85[Sup. 3]
8 14[Sup. 6]
8 14 85[Sup. 3]
8 2[Sup. 6]
8 2 85[Sup. 3]
8 16[Sup. 6]
8 16 85[Sup. 3]
8 86[Sup. 11]
8 85[Sup. 13]
11[Sup. 25]
11 19[Sup. 6]
11 19 85[Sup. 3]
11 13[Sup. 6]
11 13 85[Sup. 3]
11 7[Sup. 6]
11 7 85[Sup. 3]
11 4[Sup. 6]
11 4 85[Sup. 3]
11 14[Sup. 6]
11 14 85[Sup. 3]
11 2[Sup. 6]
11 2 85[Sup. 3]
11 16[Sup. 6]
11 16 85[Sup. 3]
11 86[Sup. 11]
11 85[Sup. 13]
19[Sup. 25]
19 13[Sup. 6]
19 13 85[Sup. 3]
19 7[Sup. 6]
19 7 85[Sup. 3]
19 4[Sup. 6]
19 4 85[Sup. 3]
19 10[Sup. 6]
19 10 85[Sup. 3]
19 14[Sup. 6]
19 14 85[Sup. 3]
19 2[Sup. 6]
19 2 85[Sup. 3]
19 86[Sup. 11]
19 85[Sup. 13]
13[Sup. 25]
13 7[Sup. 6]
13 7 85[Sup. 3]
13 4[Sup. 6]
13 4 85[Sup. 3]
13 10[Sup. 6]
13 10 85[Sup. 3]
13 2[Sup. 6]
13 2 85[Sup. 3]
13 16[Sup. 6]
13 16 85[Sup. 3]
13 86[Sup. 11]
13 85[Sup. 13]
7[Sup. 25]
7 10[Sup. 6]
7 10 85[Sup. 3]
7 14[Sup. 6]
7 14 85[Sup. 3]
7 2[Sup. 6]
7 2 85[Sup. 3]
7 16[Sup. 6]
7 16 85[Sup. 3]
7 86[Sup. 11]
7 85[Sup. 13]
4[Sup. 25]
4 10[Sup. 6]
4 10 85[Sup. 3]
4 14[Sup. 6]
4 14 85[Sup. 3]
4 2[Sup. 6]
4 2 85[Sup. 3]
4 16[Sup. 6]
4 16 85[Sup. 3]
4 86[Sup. 11]
4 85[Sup. 13]
10[Sup. 25]
10 14[Sup. 6]
10 14 85[Sup. 3]
10 2[Sup. 6]
10 2 85[Sup. 3]
10 16[Sup. 6]
10 16 85[Sup. 3]
10 86[Sup. 11]
10 85[Sup. 13]
14[Sup. 25]
14 2[Sup. 6]
14 2 85[Sup. 3]
14 16[Sup. 6]
14 16 85[Sup. 3]
14 86[Sup. 11]
14 85[Sup. 13]
2[Sup. 25]
2 16[Sup. 6]
2 16 85[Sup. 3]
2 86[Sup. 11]
2 85[Sup. 13]
16[Sup. 25]
16 86[Sup. 11]
16 85[Sup. 13]
86[Sup. 42]
85[Sup. 50]
