---------- FOLD # 1 ---------
--------------------  NR OF NEIGHBORS = 5  --------------------
             precision    recall  f1-score   support

          0       0.55      0.86      0.67        21
          1       0.65      0.58      0.61        19
          2       0.00      0.00      0.00         2
          3       0.00      0.00      0.00         1
          5       0.00      0.00      0.00         1
          8       0.00      0.00      0.00         4
          9       0.00      0.00      0.00         2

avg / total       0.47      0.58      0.51        50

--------- CONFUSION MATRIX ------------
[[18  3  0  0  0  0  0]
 [ 8 11  0  0  0  0  0]
 [ 2  0  0  0  0  0  0]
 [ 1  0  0  0  0  0  0]
 [ 0  1  0  0  0  0  0]
 [ 3  1  0  0  0  0  0]
 [ 1  1  0  0  0  0  0]]

--------------------  NR OF NEIGHBORS = 10  --------------------
             precision    recall  f1-score   support

          0       0.52      0.81      0.63        21
          1       0.65      0.58      0.61        19
          2       0.00      0.00      0.00         2
          3       0.00      0.00      0.00         1
          5       0.00      0.00      0.00         1
          8       0.00      0.00      0.00         4
          9       0.00      0.00      0.00         2

avg / total       0.46      0.56      0.50        50

--------- CONFUSION MATRIX ------------
[[17  4  0  0  0  0  0]
 [ 8 11  0  0  0  0  0]
 [ 2  0  0  0  0  0  0]
 [ 1  0  0  0  0  0  0]
 [ 1  0  0  0  0  0  0]
 [ 3  1  0  0  0  0  0]
 [ 1  1  0  0  0  0  0]]

--------------------  NR OF NEIGHBORS = 15  --------------------
             precision    recall  f1-score   support

          0       0.59      0.81      0.68        21
          1       0.62      0.68      0.65        19
          2       0.00      0.00      0.00         2
          3       0.00      0.00      0.00         1
          5       0.00      0.00      0.00         1
          8       0.00      0.00      0.00         4
          9       0.00      0.00      0.00         2

avg / total       0.48      0.60      0.53        50

--------- CONFUSION MATRIX ------------
[[17  4  0  0  0  0  0]
 [ 6 13  0  0  0  0  0]
 [ 1  1  0  0  0  0  0]
 [ 1  0  0  0  0  0  0]
 [ 1  0  0  0  0  0  0]
 [ 2  2  0  0  0  0  0]
 [ 1  1  0  0  0  0  0]]

--------------------  NR OF NEIGHBORS = 20  --------------------
             precision    recall  f1-score   support

          0       0.55      0.81      0.65        21
          1       0.63      0.63      0.63        19
          2       0.00      0.00      0.00         2
          3       0.00      0.00      0.00         1
          5       0.00      0.00      0.00         1
          8       0.00      0.00      0.00         4
          9       0.00      0.00      0.00         2

avg / total       0.47      0.58      0.51        50

--------- CONFUSION MATRIX ------------
[[17  4  0  0  0  0  0]
 [ 7 12  0  0  0  0  0]
 [ 1  1  0  0  0  0  0]
 [ 1  0  0  0  0  0  0]
 [ 1  0  0  0  0  0  0]
 [ 3  1  0  0  0  0  0]
 [ 1  1  0  0  0  0  0]]

--------------------  NR OF NEIGHBORS = 25  --------------------
             precision    recall  f1-score   support

          0       0.53      0.81      0.64        21
          1       0.61      0.58      0.59        19
          2       0.00      0.00      0.00         2
          3       0.00      0.00      0.00         1
          5       0.00      0.00      0.00         1
          8       0.00      0.00      0.00         4
          9       0.00      0.00      0.00         2

avg / total       0.46      0.56      0.50        50

--------- CONFUSION MATRIX ------------
[[17  4  0  0  0  0  0]
 [ 8 11  0  0  0  0  0]
 [ 1  1  0  0  0  0  0]
 [ 1  0  0  0  0  0  0]
 [ 1  0  0  0  0  0  0]
 [ 2  2  0  0  0  0  0]
 [ 2  0  0  0  0  0  0]]

--------------------  NR OF NEIGHBORS = 30  --------------------
             precision    recall  f1-score   support

          0       0.56      0.86      0.68        21
          1       0.67      0.63      0.65        19
          2       0.00      0.00      0.00         2
          3       0.00      0.00      0.00         1
          5       0.00      0.00      0.00         1
          8       0.00      0.00      0.00         4
          9       0.00      0.00      0.00         2

avg / total       0.49      0.60      0.53        50

--------- CONFUSION MATRIX ------------
[[18  3  0  0  0  0  0]
 [ 7 12  0  0  0  0  0]
 [ 1  1  0  0  0  0  0]
 [ 1  0  0  0  0  0  0]
 [ 1  0  0  0  0  0  0]
 [ 2  2  0  0  0  0  0]
 [ 2  0  0  0  0  0  0]]

--------------------  NR OF NEIGHBORS = 35  --------------------
             precision    recall  f1-score   support

          0       0.54      0.90      0.68        21
          1       0.73      0.58      0.65        19
          2       0.00      0.00      0.00         2
          3       0.00      0.00      0.00         1
          5       0.00      0.00      0.00         1
          8       0.00      0.00      0.00         4
          9       0.00      0.00      0.00         2

avg / total       0.51      0.60      0.53        50

--------- CONFUSION MATRIX ------------
[[19  2  0  0  0  0  0]
 [ 8 11  0  0  0  0  0]
 [ 2  0  0  0  0  0  0]
 [ 1  0  0  0  0  0  0]
 [ 1  0  0  0  0  0  0]
 [ 2  2  0  0  0  0  0]
 [ 2  0  0  0  0  0  0]]

--------------------  NR OF NEIGHBORS = 40  --------------------
             precision    recall  f1-score   support

          0       0.49      0.81      0.61        21
          1       0.67      0.53      0.59        19
          2       0.00      0.00      0.00         2
          3       0.00      0.00      0.00         1
          5       0.00      0.00      0.00         1
          8       0.00      0.00      0.00         4
          9       0.00      0.00      0.00         2

avg / total       0.46      0.54      0.48        50

--------- CONFUSION MATRIX ------------
[[17  4  0  0  0  0  0]
 [ 9 10  0  0  0  0  0]
 [ 2  0  0  0  0  0  0]
 [ 1  0  0  0  0  0  0]
 [ 1  0  0  0  0  0  0]
 [ 3  1  0  0  0  0  0]
 [ 2  0  0  0  0  0  0]]

--------------------  NR OF NEIGHBORS = 45  --------------------
             precision    recall  f1-score   support

          0       0.43      0.95      0.60        21
          1       0.75      0.16      0.26        19
          2       0.00      0.00      0.00         2
          3       0.00      0.00      0.00         1
          5       0.00      0.00      0.00         1
          8       0.00      0.00      0.00         4
          9       0.00      0.00      0.00         2

avg / total       0.47      0.46      0.35        50

--------- CONFUSION MATRIX ------------
[[20  1  0  0  0  0  0]
 [16  3  0  0  0  0  0]
 [ 2  0  0  0  0  0  0]
 [ 1  0  0  0  0  0  0]
 [ 1  0  0  0  0  0  0]
 [ 4  0  0  0  0  0  0]
 [ 2  0  0  0  0  0  0]]

--------------------  NR OF NEIGHBORS = 50  --------------------
             precision    recall  f1-score   support

          0       0.42      1.00      0.59        21
          1       0.00      0.00      0.00        19
          2       0.00      0.00      0.00         2
          3       0.00      0.00      0.00         1
          5       0.00      0.00      0.00         1
          8       0.00      0.00      0.00         4
          9       0.00      0.00      0.00         2

avg / total       0.18      0.42      0.25        50

--------- CONFUSION MATRIX ------------
[[21  0  0  0  0  0  0]
 [19  0  0  0  0  0  0]
 [ 2  0  0  0  0  0  0]
 [ 1  0  0  0  0  0  0]
 [ 1  0  0  0  0  0  0]
 [ 4  0  0  0  0  0  0]
 [ 2  0  0  0  0  0  0]]

---------- FOLD # 2 ---------
--------------------  NR OF NEIGHBORS = 5  --------------------
             precision    recall  f1-score   support

          0       0.68      0.79      0.73        19
          1       0.59      0.76      0.67        21
          2       0.00      0.00      0.00         1
          3       0.00      0.00      0.00         1
          8       0.00      0.00      0.00         4
          9       0.00      0.00      0.00         4

avg / total       0.51      0.62      0.56        50

--------- CONFUSION MATRIX ------------
[[15  4  0  0  0  0]
 [ 5 16  0  0  0  0]
 [ 0  1  0  0  0  0]
 [ 0  1  0  0  0  0]
 [ 1  3  0  0  0  0]
 [ 1  2  0  0  1  0]]

--------------------  NR OF NEIGHBORS = 10  --------------------
             precision    recall  f1-score   support

          0       0.60      0.79      0.68        19
          1       0.60      0.71      0.65        21
          2       0.00      0.00      0.00         1
          3       0.00      0.00      0.00         1
          8       0.00      0.00      0.00         4
          9       0.00      0.00      0.00         4

avg / total       0.48      0.60      0.53        50

--------- CONFUSION MATRIX ------------
[[15  4  0  0  0  0]
 [ 6 15  0  0  0  0]
 [ 0  1  0  0  0  0]
 [ 0  1  0  0  0  0]
 [ 1  3  0  0  0  0]
 [ 3  1  0  0  0  0]]

--------------------  NR OF NEIGHBORS = 15  --------------------
             precision    recall  f1-score   support

          0       0.58      0.79      0.67        19
          1       0.62      0.71      0.67        21
          2       0.00      0.00      0.00         1
          3       0.00      0.00      0.00         1
          8       0.00      0.00      0.00         4
          9       0.00      0.00      0.00         4

avg / total       0.48      0.60      0.53        50

--------- CONFUSION MATRIX ------------
[[15  4  0  0  0  0]
 [ 6 15  0  0  0  0]
 [ 0  1  0  0  0  0]
 [ 1  0  0  0  0  0]
 [ 1  3  0  0  0  0]
 [ 3  1  0  0  0  0]]

--------------------  NR OF NEIGHBORS = 20  --------------------
             precision    recall  f1-score   support

          0       0.50      0.63      0.56        19
          1       0.58      0.71      0.64        21
          2       0.00      0.00      0.00         1
          3       0.00      0.00      0.00         1
          8       0.00      0.00      0.00         4
          9       0.00      0.00      0.00         4

avg / total       0.43      0.54      0.48        50

--------- CONFUSION MATRIX ------------
[[12  7  0  0  0  0]
 [ 6 15  0  0  0  0]
 [ 0  1  0  0  0  0]
 [ 1  0  0  0  0  0]
 [ 2  2  0  0  0  0]
 [ 3  1  0  0  0  0]]

--------------------  NR OF NEIGHBORS = 25  --------------------
             precision    recall  f1-score   support

          0       0.60      0.63      0.62        19
          1       0.53      0.76      0.63        21
          2       0.00      0.00      0.00         1
          3       0.00      0.00      0.00         1
          8       0.00      0.00      0.00         4
          9       0.00      0.00      0.00         4

avg / total       0.45      0.56      0.50        50

--------- CONFUSION MATRIX ------------
[[12  7  0  0  0  0]
 [ 5 16  0  0  0  0]
 [ 0  1  0  0  0  0]
 [ 1  0  0  0  0  0]
 [ 0  4  0  0  0  0]
 [ 2  2  0  0  0  0]]

--------------------  NR OF NEIGHBORS = 30  --------------------
             precision    recall  f1-score   support

          0       0.53      0.53      0.53        19
          1       0.52      0.76      0.62        21
          2       0.00      0.00      0.00         1
          3       0.00      0.00      0.00         1
          8       0.00      0.00      0.00         4
          9       0.00      0.00      0.00         4

avg / total       0.42      0.52      0.46        50

--------- CONFUSION MATRIX ------------
[[10  9  0  0  0  0]
 [ 5 16  0  0  0  0]
 [ 0  1  0  0  0  0]
 [ 1  0  0  0  0  0]
 [ 1  3  0  0  0  0]
 [ 2  2  0  0  0  0]]

--------------------  NR OF NEIGHBORS = 35  --------------------
             precision    recall  f1-score   support

          0       0.50      0.42      0.46        19
          1       0.50      0.81      0.62        21
          2       0.00      0.00      0.00         1
          3       0.00      0.00      0.00         1
          8       0.00      0.00      0.00         4
          9       0.00      0.00      0.00         4

avg / total       0.40      0.50      0.43        50

--------- CONFUSION MATRIX ------------
[[ 8 11  0  0  0  0]
 [ 4 17  0  0  0  0]
 [ 0  1  0  0  0  0]
 [ 1  0  0  0  0  0]
 [ 0  4  0  0  0  0]
 [ 3  1  0  0  0  0]]

--------------------  NR OF NEIGHBORS = 40  --------------------
             precision    recall  f1-score   support

          0       0.47      0.42      0.44        19
          1       0.48      0.76      0.59        21
          2       0.00      0.00      0.00         1
          3       0.00      0.00      0.00         1
          8       0.00      0.00      0.00         4
          9       0.00      0.00      0.00         4

avg / total       0.38      0.48      0.42        50

--------- CONFUSION MATRIX ------------
[[ 8 11  0  0  0  0]
 [ 5 16  0  0  0  0]
 [ 1  0  0  0  0  0]
 [ 1  0  0  0  0  0]
 [ 0  4  0  0  0  0]
 [ 2  2  0  0  0  0]]

--------------------  NR OF NEIGHBORS = 45  --------------------
             precision    recall  f1-score   support

          0       0.45      0.26      0.33        19
          1       0.44      0.81      0.57        21
          2       0.00      0.00      0.00         1
          3       0.00      0.00      0.00         1
          8       0.00      0.00      0.00         4
          9       0.00      0.00      0.00         4

avg / total       0.36      0.44      0.36        50

--------- CONFUSION MATRIX ------------
[[ 5 14  0  0  0  0]
 [ 4 17  0  0  0  0]
 [ 0  1  0  0  0  0]
 [ 1  0  0  0  0  0]
 [ 0  4  0  0  0  0]
 [ 1  3  0  0  0  0]]

--------------------  NR OF NEIGHBORS = 50  --------------------
             precision    recall  f1-score   support

          0       0.00      0.00      0.00        19
          1       0.42      1.00      0.59        21
          2       0.00      0.00      0.00         1
          3       0.00      0.00      0.00         1
          8       0.00      0.00      0.00         4
          9       0.00      0.00      0.00         4

avg / total       0.18      0.42      0.25        50

--------- CONFUSION MATRIX ------------
[[ 0 19  0  0  0  0]
 [ 0 21  0  0  0  0]
 [ 0  1  0  0  0  0]
 [ 0  1  0  0  0  0]
 [ 0  4  0  0  0  0]
 [ 0  4  0  0  0  0]]

---------- FOLD # 3 ---------
--------------------  NR OF NEIGHBORS = 5  --------------------
             precision    recall  f1-score   support

          0       0.56      0.67      0.61        21
          1       0.68      0.81      0.74        21
          2       0.00      0.00      0.00         3
          3       0.00      0.00      0.00         1
          8       0.00      0.00      0.00         3
          9       0.00      0.00      0.00         1

avg / total       0.52      0.62      0.57        50

--------- CONFUSION MATRIX ------------
[[14  7  0  0  0  0]
 [ 4 17  0  0  0  0]
 [ 3  0  0  0  0  0]
 [ 1  0  0  0  0  0]
 [ 3  0  0  0  0  0]
 [ 0  1  0  0  0  0]]

--------------------  NR OF NEIGHBORS = 10  --------------------
             precision    recall  f1-score   support

          0       0.59      0.76      0.67        21
          1       0.65      0.71      0.68        21
          2       0.00      0.00      0.00         3
          3       0.00      0.00      0.00         1
          8       0.00      0.00      0.00         3
          9       0.00      0.00      0.00         1

avg / total       0.52      0.62      0.57        50

--------- CONFUSION MATRIX ------------
[[16  5  0  0  0  0]
 [ 6 15  0  0  0  0]
 [ 0  3  0  0  0  0]
 [ 1  0  0  0  0  0]
 [ 3  0  0  0  0  0]
 [ 1  0  0  0  0  0]]

--------------------  NR OF NEIGHBORS = 15  --------------------
             precision    recall  f1-score   support

          0       0.57      0.81      0.67        21
          1       0.65      0.62      0.63        21
          2       0.00      0.00      0.00         3
          3       0.00      0.00      0.00         1
          8       0.00      0.00      0.00         3
          9       0.00      0.00      0.00         1

avg / total       0.51      0.60      0.55        50

--------- CONFUSION MATRIX ------------
[[17  4  0  0  0  0]
 [ 8 13  0  0  0  0]
 [ 1  2  0  0  0  0]
 [ 1  0  0  0  0  0]
 [ 2  1  0  0  0  0]
 [ 1  0  0  0  0  0]]

--------------------  NR OF NEIGHBORS = 20  --------------------
             precision    recall  f1-score   support

          0       0.57      0.81      0.67        21
          1       0.70      0.67      0.68        21
          2       0.00      0.00      0.00         3
          3       0.00      0.00      0.00         1
          8       0.00      0.00      0.00         3
          9       0.00      0.00      0.00         1

avg / total       0.53      0.62      0.57        50

--------- CONFUSION MATRIX ------------
[[17  4  0  0  0  0]
 [ 7 14  0  0  0  0]
 [ 1  2  0  0  0  0]
 [ 1  0  0  0  0  0]
 [ 3  0  0  0  0  0]
 [ 1  0  0  0  0  0]]

--------------------  NR OF NEIGHBORS = 25  --------------------
             precision    recall  f1-score   support

          0       0.50      0.67      0.57        21
          1       0.55      0.57      0.56        21
          2       0.00      0.00      0.00         3
          3       0.00      0.00      0.00         1
          8       0.00      0.00      0.00         3
          9       0.00      0.00      0.00         1

avg / total       0.44      0.52      0.47        50

--------- CONFUSION MATRIX ------------
[[14  7  0  0  0  0]
 [ 9 12  0  0  0  0]
 [ 1  2  0  0  0  0]
 [ 1  0  0  0  0  0]
 [ 2  1  0  0  0  0]
 [ 1  0  0  0  0  0]]

--------------------  NR OF NEIGHBORS = 30  --------------------
             precision    recall  f1-score   support

          0       0.55      0.57      0.56        21
          1       0.54      0.71      0.61        21
          2       0.00      0.00      0.00         3
          3       0.00      0.00      0.00         1
          8       0.00      0.00      0.00         3
          9       0.00      0.00      0.00         1

avg / total       0.45      0.54      0.49        50

--------- CONFUSION MATRIX ------------
[[12  9  0  0  0  0]
 [ 6 15  0  0  0  0]
 [ 1  2  0  0  0  0]
 [ 1  0  0  0  0  0]
 [ 1  2  0  0  0  0]
 [ 1  0  0  0  0  0]]

--------------------  NR OF NEIGHBORS = 35  --------------------
             precision    recall  f1-score   support

          0       0.56      0.67      0.61        21
          1       0.60      0.71      0.65        21
          2       0.00      0.00      0.00         3
          3       0.00      0.00      0.00         1
          8       0.00      0.00      0.00         3
          9       0.00      0.00      0.00         1

avg / total       0.49      0.58      0.53        50

--------- CONFUSION MATRIX ------------
[[14  7  0  0  0  0]
 [ 6 15  0  0  0  0]
 [ 2  1  0  0  0  0]
 [ 1  0  0  0  0  0]
 [ 2  1  0  0  0  0]
 [ 0  1  0  0  0  0]]

--------------------  NR OF NEIGHBORS = 40  --------------------
             precision    recall  f1-score   support

          0       0.54      0.67      0.60        21
          1       0.54      0.62      0.58        21
          2       0.00      0.00      0.00         3
          3       0.00      0.00      0.00         1
          8       0.00      0.00      0.00         3
          9       0.00      0.00      0.00         1

avg / total       0.45      0.54      0.49        50

--------- CONFUSION MATRIX ------------
[[14  7  0  0  0  0]
 [ 8 13  0  0  0  0]
 [ 2  1  0  0  0  0]
 [ 1  0  0  0  0  0]
 [ 1  2  0  0  0  0]
 [ 0  1  0  0  0  0]]

--------------------  NR OF NEIGHBORS = 45  --------------------
             precision    recall  f1-score   support

          0       0.52      0.57      0.55        21
          1       0.48      0.62      0.54        21
          2       0.00      0.00      0.00         3
          3       0.00      0.00      0.00         1
          8       0.00      0.00      0.00         3
          9       0.00      0.00      0.00         1

avg / total       0.42      0.50      0.46        50

--------- CONFUSION MATRIX ------------
[[12  9  0  0  0  0]
 [ 8 13  0  0  0  0]
 [ 1  2  0  0  0  0]
 [ 1  0  0  0  0  0]
 [ 1  2  0  0  0  0]
 [ 0  1  0  0  0  0]]

--------------------  NR OF NEIGHBORS = 50  --------------------
             precision    recall  f1-score   support

          0       0.42      1.00      0.59        21
          1       0.00      0.00      0.00        21
          2       0.00      0.00      0.00         3
          3       0.00      0.00      0.00         1
          8       0.00      0.00      0.00         3
          9       0.00      0.00      0.00         1

avg / total       0.18      0.42      0.25        50

--------- CONFUSION MATRIX ------------
[[21  0  0  0  0  0]
 [21  0  0  0  0  0]
 [ 3  0  0  0  0  0]
 [ 1  0  0  0  0  0]
 [ 3  0  0  0  0  0]
 [ 1  0  0  0  0  0]]

---------- FOLD # 4 ---------
--------------------  NR OF NEIGHBORS = 5  --------------------
             precision    recall  f1-score   support

          0       0.62      0.91      0.74        22
          1       0.72      0.62      0.67        21
          2       0.00      0.00      0.00         1
          8       0.00      0.00      0.00         3
          9       0.00      0.00      0.00         3

avg / total       0.58      0.66      0.61        50

--------- CONFUSION MATRIX ------------
[[20  2  0  0  0]
 [ 8 13  0  0  0]
 [ 1  0  0  0  0]
 [ 1  2  0  0  0]
 [ 2  1  0  0  0]]

--------------------  NR OF NEIGHBORS = 10  --------------------
             precision    recall  f1-score   support

          0       0.63      0.77      0.69        22
          1       0.70      0.76      0.73        21
          2       0.00      0.00      0.00         1
          8       0.00      0.00      0.00         3
          9       0.00      0.00      0.00         3

avg / total       0.57      0.66      0.61        50

--------- CONFUSION MATRIX ------------
[[17  5  0  0  0]
 [ 5 16  0  0  0]
 [ 1  0  0  0  0]
 [ 2  1  0  0  0]
 [ 2  1  0  0  0]]

--------------------  NR OF NEIGHBORS = 15  --------------------
             precision    recall  f1-score   support

          0       0.64      0.82      0.72        22
          1       0.68      0.71      0.70        21
          2       0.00      0.00      0.00         1
          8       0.00      0.00      0.00         3
          9       0.00      0.00      0.00         3

avg / total       0.57      0.66      0.61        50

--------- CONFUSION MATRIX ------------
[[18  4  0  0  0]
 [ 6 15  0  0  0]
 [ 1  0  0  0  0]
 [ 1  2  0  0  0]
 [ 2  1  0  0  0]]

--------------------  NR OF NEIGHBORS = 20  --------------------
             precision    recall  f1-score   support

          0       0.72      0.82      0.77        22
          1       0.76      0.90      0.83        21
          2       0.00      0.00      0.00         1
          8       0.00      0.00      0.00         3
          9       0.00      0.00      0.00         3

avg / total       0.64      0.74      0.68        50

--------- CONFUSION MATRIX ------------
[[18  4  0  0  0]
 [ 2 19  0  0  0]
 [ 1  0  0  0  0]
 [ 2  1  0  0  0]
 [ 2  1  0  0  0]]

--------------------  NR OF NEIGHBORS = 25  --------------------
             precision    recall  f1-score   support

          0       0.68      0.86      0.76        22
          1       0.77      0.81      0.79        21
          2       0.00      0.00      0.00         1
          8       0.00      0.00      0.00         3
          9       0.00      0.00      0.00         3

avg / total       0.62      0.72      0.67        50

--------- CONFUSION MATRIX ------------
[[19  3  0  0  0]
 [ 4 17  0  0  0]
 [ 1  0  0  0  0]
 [ 2  1  0  0  0]
 [ 2  1  0  0  0]]

--------------------  NR OF NEIGHBORS = 30  --------------------
             precision    recall  f1-score   support

          0       0.64      0.95      0.76        22
          1       0.82      0.67      0.74        21
          2       0.00      0.00      0.00         1
          8       0.00      0.00      0.00         3
          9       0.00      0.00      0.00         3

avg / total       0.63      0.70      0.65        50

--------- CONFUSION MATRIX ------------
[[21  1  0  0  0]
 [ 7 14  0  0  0]
 [ 1  0  0  0  0]
 [ 2  1  0  0  0]
 [ 2  1  0  0  0]]

--------------------  NR OF NEIGHBORS = 35  --------------------
             precision    recall  f1-score   support

          0       0.53      0.82      0.64        22
          1       0.56      0.43      0.49        21
          2       0.00      0.00      0.00         1
          8       0.00      0.00      0.00         3
          9       0.00      0.00      0.00         3

avg / total       0.47      0.54      0.49        50

--------- CONFUSION MATRIX ------------
[[18  4  0  0  0]
 [12  9  0  0  0]
 [ 1  0  0  0  0]
 [ 1  2  0  0  0]
 [ 2  1  0  0  0]]

--------------------  NR OF NEIGHBORS = 40  --------------------
             precision    recall  f1-score   support

          0       0.51      0.82      0.63        22
          1       0.53      0.38      0.44        21
          2       0.00      0.00      0.00         1
          8       0.00      0.00      0.00         3
          9       0.00      0.00      0.00         3

avg / total       0.45      0.52      0.46        50

--------- CONFUSION MATRIX ------------
[[18  4  0  0  0]
 [13  8  0  0  0]
 [ 1  0  0  0  0]
 [ 2  1  0  0  0]
 [ 1  2  0  0  0]]

--------------------  NR OF NEIGHBORS = 45  --------------------
             precision    recall  f1-score   support

          0       0.49      0.82      0.61        22
          1       0.46      0.29      0.35        21
          2       0.00      0.00      0.00         1
          8       0.00      0.00      0.00         3
          9       0.00      0.00      0.00         3

avg / total       0.41      0.48      0.42        50

--------- CONFUSION MATRIX ------------
[[18  4  0  0  0]
 [15  6  0  0  0]
 [ 1  0  0  0  0]
 [ 2  1  0  0  0]
 [ 1  2  0  0  0]]

--------------------  NR OF NEIGHBORS = 50  --------------------
             precision    recall  f1-score   support

          0       0.44      1.00      0.61        22
          1       0.00      0.00      0.00        21
          2       0.00      0.00      0.00         1
          8       0.00      0.00      0.00         3
          9       0.00      0.00      0.00         3

avg / total       0.19      0.44      0.27        50

--------- CONFUSION MATRIX ------------
[[22  0  0  0  0]
 [21  0  0  0  0]
 [ 1  0  0  0  0]
 [ 3  0  0  0  0]
 [ 3  0  0  0  0]]

---------- FOLD # 5 ---------
--------------------  NR OF NEIGHBORS = 5  --------------------
             precision    recall  f1-score   support

          0       0.53      0.82      0.64        22
          1       0.62      0.44      0.52        18
          2       0.00      0.00      0.00         1
          3       0.00      0.00      0.00         1
          4       0.00      0.00      0.00         1
          5       0.00      0.00      0.00         1
          8       0.33      0.33      0.33         3
          9       0.00      0.00      0.00         3

avg / total       0.47      0.54      0.49        50

--------- CONFUSION MATRIX ------------
[[18  3  0  0  0  0  1  0]
 [10  8  0  0  0  0  0  0]
 [ 1  0  0  0  0  0  0  0]
 [ 1  0  0  0  0  0  0  0]
 [ 1  0  0  0  0  0  0  0]
 [ 1  0  0  0  0  0  0  0]
 [ 1  1  0  0  0  0  1  0]
 [ 1  1  0  0  0  0  1  0]]

--------------------  NR OF NEIGHBORS = 10  --------------------
             precision    recall  f1-score   support

          0       0.51      0.86      0.64        22
          1       0.69      0.50      0.58        18
          2       0.00      0.00      0.00         1
          3       0.00      0.00      0.00         1
          4       0.00      0.00      0.00         1
          5       0.00      0.00      0.00         1
          8       0.00      0.00      0.00         3
          9       0.00      0.00      0.00         3

avg / total       0.48      0.56      0.49        50

--------- CONFUSION MATRIX ------------
[[19  3  0  0  0  0  0  0]
 [ 9  9  0  0  0  0  0  0]
 [ 1  0  0  0  0  0  0  0]
 [ 1  0  0  0  0  0  0  0]
 [ 1  0  0  0  0  0  0  0]
 [ 1  0  0  0  0  0  0  0]
 [ 2  1  0  0  0  0  0  0]
 [ 3  0  0  0  0  0  0  0]]

--------------------  NR OF NEIGHBORS = 15  --------------------
             precision    recall  f1-score   support

          0       0.53      0.86      0.66        22
          1       0.79      0.61      0.69        18
          2       0.00      0.00      0.00         1
          3       0.00      0.00      0.00         1
          4       0.00      0.00      0.00         1
          5       0.00      0.00      0.00         1
          8       0.00      0.00      0.00         3
          9       0.00      0.00      0.00         3

avg / total       0.52      0.60      0.54        50

--------- CONFUSION MATRIX ------------
[[19  3  0  0  0  0  0  0]
 [ 7 11  0  0  0  0  0  0]
 [ 1  0  0  0  0  0  0  0]
 [ 1  0  0  0  0  0  0  0]
 [ 1  0  0  0  0  0  0  0]
 [ 1  0  0  0  0  0  0  0]
 [ 3  0  0  0  0  0  0  0]
 [ 3  0  0  0  0  0  0  0]]

--------------------  NR OF NEIGHBORS = 20  --------------------
             precision    recall  f1-score   support

          0       0.54      0.91      0.68        22
          1       0.77      0.56      0.65        18
          2       0.00      0.00      0.00         1
          3       0.00      0.00      0.00         1
          4       0.00      0.00      0.00         1
          5       0.00      0.00      0.00         1
          8       0.00      0.00      0.00         3
          9       0.00      0.00      0.00         3

avg / total       0.51      0.60      0.53        50

--------- CONFUSION MATRIX ------------
[[20  2  0  0  0  0  0  0]
 [ 8 10  0  0  0  0  0  0]
 [ 1  0  0  0  0  0  0  0]
 [ 1  0  0  0  0  0  0  0]
 [ 1  0  0  0  0  0  0  0]
 [ 1  0  0  0  0  0  0  0]
 [ 3  0  0  0  0  0  0  0]
 [ 2  1  0  0  0  0  0  0]]

--------------------  NR OF NEIGHBORS = 25  --------------------
             precision    recall  f1-score   support

          0       0.56      0.86      0.68        22
          1       0.75      0.67      0.71        18
          2       0.00      0.00      0.00         1
          3       0.00      0.00      0.00         1
          4       0.00      0.00      0.00         1
          5       0.00      0.00      0.00         1
          8       0.00      0.00      0.00         3
          9       0.00      0.00      0.00         3

avg / total       0.52      0.62      0.55        50

--------- CONFUSION MATRIX ------------
[[19  3  0  0  0  0  0  0]
 [ 6 12  0  0  0  0  0  0]
 [ 1  0  0  0  0  0  0  0]
 [ 1  0  0  0  0  0  0  0]
 [ 0  1  0  0  0  0  0  0]
 [ 1  0  0  0  0  0  0  0]
 [ 3  0  0  0  0  0  0  0]
 [ 3  0  0  0  0  0  0  0]]

--------------------  NR OF NEIGHBORS = 30  --------------------
             precision    recall  f1-score   support

          0       0.54      0.95      0.69        22
          1       0.82      0.50      0.62        18
          2       0.00      0.00      0.00         1
          3       0.00      0.00      0.00         1
          4       0.00      0.00      0.00         1
          5       0.00      0.00      0.00         1
          8       0.00      0.00      0.00         3
          9       0.00      0.00      0.00         3

avg / total       0.53      0.60      0.53        50

--------- CONFUSION MATRIX ------------
[[21  1  0  0  0  0  0  0]
 [ 9  9  0  0  0  0  0  0]
 [ 1  0  0  0  0  0  0  0]
 [ 1  0  0  0  0  0  0  0]
 [ 0  1  0  0  0  0  0  0]
 [ 1  0  0  0  0  0  0  0]
 [ 3  0  0  0  0  0  0  0]
 [ 3  0  0  0  0  0  0  0]]

--------------------  NR OF NEIGHBORS = 35  --------------------
             precision    recall  f1-score   support

          0       0.49      0.86      0.62        22
          1       0.73      0.44      0.55        18
          2       0.00      0.00      0.00         1
          3       0.00      0.00      0.00         1
          4       0.00      0.00      0.00         1
          5       0.00      0.00      0.00         1
          8       0.00      0.00      0.00         3
          9       0.00      0.00      0.00         3

avg / total       0.48      0.54      0.47        50

--------- CONFUSION MATRIX ------------
[[19  3  0  0  0  0  0  0]
 [10  8  0  0  0  0  0  0]
 [ 1  0  0  0  0  0  0  0]
 [ 1  0  0  0  0  0  0  0]
 [ 1  0  0  0  0  0  0  0]
 [ 1  0  0  0  0  0  0  0]
 [ 3  0  0  0  0  0  0  0]
 [ 3  0  0  0  0  0  0  0]]

--------------------  NR OF NEIGHBORS = 40  --------------------
             precision    recall  f1-score   support

          0       0.45      1.00      0.62        22
          1       1.00      0.06      0.11        18
          2       0.00      0.00      0.00         1
          3       0.00      0.00      0.00         1
          4       0.00      0.00      0.00         1
          5       0.00      0.00      0.00         1
          8       0.00      0.00      0.00         3
          9       0.00      0.00      0.00         3

avg / total       0.56      0.46      0.31        50

--------- CONFUSION MATRIX ------------
[[22  0  0  0  0  0  0  0]
 [17  1  0  0  0  0  0  0]
 [ 1  0  0  0  0  0  0  0]
 [ 1  0  0  0  0  0  0  0]
 [ 1  0  0  0  0  0  0  0]
 [ 1  0  0  0  0  0  0  0]
 [ 3  0  0  0  0  0  0  0]
 [ 3  0  0  0  0  0  0  0]]

--------------------  NR OF NEIGHBORS = 45  --------------------
             precision    recall  f1-score   support

          0       0.43      0.95      0.59        22
          1       0.00      0.00      0.00        18
          2       0.00      0.00      0.00         1
          3       0.00      0.00      0.00         1
          4       0.00      0.00      0.00         1
          5       0.00      0.00      0.00         1
          8       0.00      0.00      0.00         3
          9       0.00      0.00      0.00         3

avg / total       0.19      0.42      0.26        50

--------- CONFUSION MATRIX ------------
[[21  1  0  0  0  0  0  0]
 [18  0  0  0  0  0  0  0]
 [ 1  0  0  0  0  0  0  0]
 [ 1  0  0  0  0  0  0  0]
 [ 1  0  0  0  0  0  0  0]
 [ 1  0  0  0  0  0  0  0]
 [ 3  0  0  0  0  0  0  0]
 [ 3  0  0  0  0  0  0  0]]

--------------------  NR OF NEIGHBORS = 50  --------------------
             precision    recall  f1-score   support

          0       0.44      1.00      0.61        22
          1       0.00      0.00      0.00        18
          2       0.00      0.00      0.00         1
          3       0.00      0.00      0.00         1
          4       0.00      0.00      0.00         1
          5       0.00      0.00      0.00         1
          8       0.00      0.00      0.00         3
          9       0.00      0.00      0.00         3

avg / total       0.19      0.44      0.27        50

--------- CONFUSION MATRIX ------------
[[22  0  0  0  0  0  0  0]
 [18  0  0  0  0  0  0  0]
 [ 1  0  0  0  0  0  0  0]
 [ 1  0  0  0  0  0  0  0]
 [ 1  0  0  0  0  0  0  0]
 [ 1  0  0  0  0  0  0  0]
 [ 3  0  0  0  0  0  0  0]
 [ 3  0  0  0  0  0  0  0]]

