---------- FOLD # 1 ---------
--------------------  SMOOTHING CONSTANT = 0.0  --------------------
             precision    recall  f1-score   support

          0       0.50      1.00      0.67    411050
          1       0.00      0.00      0.00    346492
          2       0.00      0.00      0.00     38948
          3       0.00      0.00      0.00     17352
          4       0.00      0.00      0.00      3138
          5       0.00      0.00      0.00      1639
          6       0.00      0.00      0.00      1187
          7       0.00      0.00      0.00       181
          8       0.00      0.00      0.00        14
          9       1.00      0.14      0.25         7

avg / total       0.25      0.50      0.33    820008

--------- CONFUSION MATRIX ------------
[[411050      0      0      0      0      0      0      0      0      0]
 [346492      0      0      0      0      0      0      0      0      0]
 [ 38948      0      0      0      0      0      0      0      0      0]
 [ 17352      0      0      0      0      0      0      0      0      0]
 [  3138      0      0      0      0      0      0      0      0      0]
 [  1639      0      0      0      0      0      0      0      0      0]
 [  1187      0      0      0      0      0      0      0      0      0]
 [   181      0      0      0      0      0      0      0      0      0]
 [    14      0      0      0      0      0      0      0      0      0]
 [     6      0      0      0      0      0      0      0      0      1]]

--------------------  SMOOTHING CONSTANT = 0.1  --------------------
             precision    recall  f1-score   support

          0       0.50      1.00      0.67    411050
          1       0.00      0.00      0.00    346492
          2       0.00      0.00      0.00     38948
          3       0.00      0.00      0.00     17352
          4       0.00      0.00      0.00      3138
          5       0.00      0.00      0.00      1639
          6       0.00      0.00      0.00      1187
          7       0.00      0.00      0.00       181
          8       0.00      0.00      0.00        14
          9       0.00      0.00      0.00         7

avg / total       0.25      0.50      0.33    820008

--------- CONFUSION MATRIX ------------
[[411050      0      0      0      0      0      0      0      0      0]
 [346492      0      0      0      0      0      0      0      0      0]
 [ 38948      0      0      0      0      0      0      0      0      0]
 [ 17352      0      0      0      0      0      0      0      0      0]
 [  3138      0      0      0      0      0      0      0      0      0]
 [  1639      0      0      0      0      0      0      0      0      0]
 [  1187      0      0      0      0      0      0      0      0      0]
 [   181      0      0      0      0      0      0      0      0      0]
 [    14      0      0      0      0      0      0      0      0      0]
 [     7      0      0      0      0      0      0      0      0      0]]

--------------------  SMOOTHING CONSTANT = 0.2  --------------------
             precision    recall  f1-score   support

          0       0.50      1.00      0.67    411050
          1       0.00      0.00      0.00    346492
          2       0.00      0.00      0.00     38948
          3       0.00      0.00      0.00     17352
          4       0.00      0.00      0.00      3138
          5       0.00      0.00      0.00      1639
          6       0.00      0.00      0.00      1187
          7       0.00      0.00      0.00       181
          8       0.00      0.00      0.00        14
          9       0.00      0.00      0.00         7

avg / total       0.25      0.50      0.33    820008

--------- CONFUSION MATRIX ------------
[[411050      0      0      0      0      0      0      0      0      0]
 [346492      0      0      0      0      0      0      0      0      0]
 [ 38948      0      0      0      0      0      0      0      0      0]
 [ 17352      0      0      0      0      0      0      0      0      0]
 [  3138      0      0      0      0      0      0      0      0      0]
 [  1639      0      0      0      0      0      0      0      0      0]
 [  1187      0      0      0      0      0      0      0      0      0]
 [   181      0      0      0      0      0      0      0      0      0]
 [    14      0      0      0      0      0      0      0      0      0]
 [     7      0      0      0      0      0      0      0      0      0]]

--------------------  SMOOTHING CONSTANT = 0.30000000000000004  --------------------
             precision    recall  f1-score   support

          0       0.50      1.00      0.67    411050
          1       0.00      0.00      0.00    346492
          2       0.00      0.00      0.00     38948
          3       0.00      0.00      0.00     17352
          4       0.00      0.00      0.00      3138
          5       0.00      0.00      0.00      1639
          6       0.00      0.00      0.00      1187
          7       0.00      0.00      0.00       181
          8       0.00      0.00      0.00        14
          9       0.00      0.00      0.00         7

avg / total       0.25      0.50      0.33    820008

--------- CONFUSION MATRIX ------------
[[411050      0      0      0      0      0      0      0      0      0]
 [346492      0      0      0      0      0      0      0      0      0]
 [ 38948      0      0      0      0      0      0      0      0      0]
 [ 17352      0      0      0      0      0      0      0      0      0]
 [  3138      0      0      0      0      0      0      0      0      0]
 [  1639      0      0      0      0      0      0      0      0      0]
 [  1187      0      0      0      0      0      0      0      0      0]
 [   181      0      0      0      0      0      0      0      0      0]
 [    14      0      0      0      0      0      0      0      0      0]
 [     7      0      0      0      0      0      0      0      0      0]]

--------------------  SMOOTHING CONSTANT = 0.4  --------------------
             precision    recall  f1-score   support

          0       0.50      1.00      0.67    411050
          1       0.00      0.00      0.00    346492
          2       0.00      0.00      0.00     38948
          3       0.00      0.00      0.00     17352
          4       0.00      0.00      0.00      3138
          5       0.00      0.00      0.00      1639
          6       0.00      0.00      0.00      1187
          7       0.00      0.00      0.00       181
          8       0.00      0.00      0.00        14
          9       0.00      0.00      0.00         7

avg / total       0.25      0.50      0.33    820008

--------- CONFUSION MATRIX ------------
[[411050      0      0      0      0      0      0      0      0      0]
 [346492      0      0      0      0      0      0      0      0      0]
 [ 38948      0      0      0      0      0      0      0      0      0]
 [ 17352      0      0      0      0      0      0      0      0      0]
 [  3138      0      0      0      0      0      0      0      0      0]
 [  1639      0      0      0      0      0      0      0      0      0]
 [  1187      0      0      0      0      0      0      0      0      0]
 [   181      0      0      0      0      0      0      0      0      0]
 [    14      0      0      0      0      0      0      0      0      0]
 [     7      0      0      0      0      0      0      0      0      0]]

--------------------  SMOOTHING CONSTANT = 0.5  --------------------
             precision    recall  f1-score   support

          0       0.50      1.00      0.67    411050
          1       0.00      0.00      0.00    346492
          2       0.00      0.00      0.00     38948
          3       0.00      0.00      0.00     17352
          4       0.00      0.00      0.00      3138
          5       0.00      0.00      0.00      1639
          6       0.00      0.00      0.00      1187
          7       0.00      0.00      0.00       181
          8       0.00      0.00      0.00        14
          9       0.00      0.00      0.00         7

avg / total       0.25      0.50      0.33    820008

--------- CONFUSION MATRIX ------------
[[411050      0      0      0      0      0      0      0      0      0]
 [346492      0      0      0      0      0      0      0      0      0]
 [ 38948      0      0      0      0      0      0      0      0      0]
 [ 17352      0      0      0      0      0      0      0      0      0]
 [  3138      0      0      0      0      0      0      0      0      0]
 [  1639      0      0      0      0      0      0      0      0      0]
 [  1187      0      0      0      0      0      0      0      0      0]
 [   181      0      0      0      0      0      0      0      0      0]
 [    14      0      0      0      0      0      0      0      0      0]
 [     7      0      0      0      0      0      0      0      0      0]]

--------------------  SMOOTHING CONSTANT = 0.6000000000000001  --------------------
             precision    recall  f1-score   support

          0       0.50      1.00      0.67    411050
          1       0.00      0.00      0.00    346492
          2       0.00      0.00      0.00     38948
          3       0.00      0.00      0.00     17352
          4       0.00      0.00      0.00      3138
          5       0.00      0.00      0.00      1639
          6       0.00      0.00      0.00      1187
          7       0.00      0.00      0.00       181
          8       0.00      0.00      0.00        14
          9       0.00      0.00      0.00         7

avg / total       0.25      0.50      0.33    820008

--------- CONFUSION MATRIX ------------
[[411050      0      0      0      0      0      0      0      0      0]
 [346492      0      0      0      0      0      0      0      0      0]
 [ 38948      0      0      0      0      0      0      0      0      0]
 [ 17352      0      0      0      0      0      0      0      0      0]
 [  3138      0      0      0      0      0      0      0      0      0]
 [  1639      0      0      0      0      0      0      0      0      0]
 [  1187      0      0      0      0      0      0      0      0      0]
 [   181      0      0      0      0      0      0      0      0      0]
 [    14      0      0      0      0      0      0      0      0      0]
 [     7      0      0      0      0      0      0      0      0      0]]

--------------------  SMOOTHING CONSTANT = 0.7000000000000001  --------------------
             precision    recall  f1-score   support

          0       0.50      1.00      0.67    411050
          1       0.00      0.00      0.00    346492
          2       0.00      0.00      0.00     38948
          3       0.00      0.00      0.00     17352
          4       0.00      0.00      0.00      3138
          5       0.00      0.00      0.00      1639
          6       0.00      0.00      0.00      1187
          7       0.00      0.00      0.00       181
          8       0.00      0.00      0.00        14
          9       0.00      0.00      0.00         7

avg / total       0.25      0.50      0.33    820008

--------- CONFUSION MATRIX ------------
[[411050      0      0      0      0      0      0      0      0      0]
 [346492      0      0      0      0      0      0      0      0      0]
 [ 38948      0      0      0      0      0      0      0      0      0]
 [ 17352      0      0      0      0      0      0      0      0      0]
 [  3138      0      0      0      0      0      0      0      0      0]
 [  1639      0      0      0      0      0      0      0      0      0]
 [  1187      0      0      0      0      0      0      0      0      0]
 [   181      0      0      0      0      0      0      0      0      0]
 [    14      0      0      0      0      0      0      0      0      0]
 [     7      0      0      0      0      0      0      0      0      0]]

--------------------  SMOOTHING CONSTANT = 0.8  --------------------
             precision    recall  f1-score   support

          0       0.50      1.00      0.67    411050
          1       0.00      0.00      0.00    346492
          2       0.00      0.00      0.00     38948
          3       0.00      0.00      0.00     17352
          4       0.00      0.00      0.00      3138
          5       0.00      0.00      0.00      1639
          6       0.00      0.00      0.00      1187
          7       0.00      0.00      0.00       181
          8       0.00      0.00      0.00        14
          9       0.00      0.00      0.00         7

avg / total       0.25      0.50      0.33    820008

--------- CONFUSION MATRIX ------------
[[411050      0      0      0      0      0      0      0      0      0]
 [346492      0      0      0      0      0      0      0      0      0]
 [ 38948      0      0      0      0      0      0      0      0      0]
 [ 17352      0      0      0      0      0      0      0      0      0]
 [  3138      0      0      0      0      0      0      0      0      0]
 [  1639      0      0      0      0      0      0      0      0      0]
 [  1187      0      0      0      0      0      0      0      0      0]
 [   181      0      0      0      0      0      0      0      0      0]
 [    14      0      0      0      0      0      0      0      0      0]
 [     7      0      0      0      0      0      0      0      0      0]]

--------------------  SMOOTHING CONSTANT = 0.9  --------------------
             precision    recall  f1-score   support

          0       0.50      1.00      0.67    411050
          1       0.00      0.00      0.00    346492
          2       0.00      0.00      0.00     38948
          3       0.00      0.00      0.00     17352
          4       0.00      0.00      0.00      3138
          5       0.00      0.00      0.00      1639
          6       0.00      0.00      0.00      1187
          7       0.00      0.00      0.00       181
          8       0.00      0.00      0.00        14
          9       0.00      0.00      0.00         7

avg / total       0.25      0.50      0.33    820008

--------- CONFUSION MATRIX ------------
[[411050      0      0      0      0      0      0      0      0      0]
 [346492      0      0      0      0      0      0      0      0      0]
 [ 38948      0      0      0      0      0      0      0      0      0]
 [ 17352      0      0      0      0      0      0      0      0      0]
 [  3138      0      0      0      0      0      0      0      0      0]
 [  1639      0      0      0      0      0      0      0      0      0]
 [  1187      0      0      0      0      0      0      0      0      0]
 [   181      0      0      0      0      0      0      0      0      0]
 [    14      0      0      0      0      0      0      0      0      0]
 [     7      0      0      0      0      0      0      0      0      0]]

--------------------  SMOOTHING CONSTANT = 1.0  --------------------
             precision    recall  f1-score   support

          0       0.50      1.00      0.67    411050
          1       0.00      0.00      0.00    346492
          2       0.00      0.00      0.00     38948
          3       0.00      0.00      0.00     17352
          4       0.00      0.00      0.00      3138
          5       0.00      0.00      0.00      1639
          6       0.00      0.00      0.00      1187
          7       0.00      0.00      0.00       181
          8       0.00      0.00      0.00        14
          9       0.00      0.00      0.00         7

avg / total       0.25      0.50      0.33    820008

--------- CONFUSION MATRIX ------------
[[411050      0      0      0      0      0      0      0      0      0]
 [346492      0      0      0      0      0      0      0      0      0]
 [ 38948      0      0      0      0      0      0      0      0      0]
 [ 17352      0      0      0      0      0      0      0      0      0]
 [  3138      0      0      0      0      0      0      0      0      0]
 [  1639      0      0      0      0      0      0      0      0      0]
 [  1187      0      0      0      0      0      0      0      0      0]
 [   181      0      0      0      0      0      0      0      0      0]
 [    14      0      0      0      0      0      0      0      0      0]
 [     7      0      0      0      0      0      0      0      0      0]]

---------- FOLD # 2 ---------
--------------------  SMOOTHING CONSTANT = 0.0  --------------------
             precision    recall  f1-score   support

          0       0.50      1.00      0.67    410985
          1       0.00      0.00      0.00    346534
          2       0.00      0.00      0.00     39061
          3       0.00      0.00      0.00     17248
          4       0.00      0.00      0.00      3173
          5       0.00      0.00      0.00      1644
          6       0.00      0.00      0.00      1147
          7       0.00      0.00      0.00       199
          8       0.00      0.00      0.00        12
          9       1.00      0.20      0.33         5

avg / total       0.25      0.50      0.33    820008

--------- CONFUSION MATRIX ------------
[[410985      0      0      0      0      0      0      0      0      0]
 [346534      0      0      0      0      0      0      0      0      0]
 [ 39061      0      0      0      0      0      0      0      0      0]
 [ 17248      0      0      0      0      0      0      0      0      0]
 [  3173      0      0      0      0      0      0      0      0      0]
 [  1644      0      0      0      0      0      0      0      0      0]
 [  1147      0      0      0      0      0      0      0      0      0]
 [   199      0      0      0      0      0      0      0      0      0]
 [    12      0      0      0      0      0      0      0      0      0]
 [     4      0      0      0      0      0      0      0      0      1]]

--------------------  SMOOTHING CONSTANT = 0.1  --------------------
             precision    recall  f1-score   support

          0       0.50      1.00      0.67    410985
          1       0.00      0.00      0.00    346534
          2       0.00      0.00      0.00     39061
          3       0.00      0.00      0.00     17248
          4       0.00      0.00      0.00      3173
          5       0.00      0.00      0.00      1644
          6       0.00      0.00      0.00      1147
          7       0.00      0.00      0.00       199
          8       0.00      0.00      0.00        12
          9       0.00      0.00      0.00         5

avg / total       0.25      0.50      0.33    820008

--------- CONFUSION MATRIX ------------
[[410985      0      0      0      0      0      0      0      0      0]
 [346534      0      0      0      0      0      0      0      0      0]
 [ 39061      0      0      0      0      0      0      0      0      0]
 [ 17248      0      0      0      0      0      0      0      0      0]
 [  3173      0      0      0      0      0      0      0      0      0]
 [  1644      0      0      0      0      0      0      0      0      0]
 [  1147      0      0      0      0      0      0      0      0      0]
 [   199      0      0      0      0      0      0      0      0      0]
 [    12      0      0      0      0      0      0      0      0      0]
 [     5      0      0      0      0      0      0      0      0      0]]

--------------------  SMOOTHING CONSTANT = 0.2  --------------------
             precision    recall  f1-score   support

          0       0.50      1.00      0.67    410985
          1       0.00      0.00      0.00    346534
          2       0.00      0.00      0.00     39061
          3       0.00      0.00      0.00     17248
          4       0.00      0.00      0.00      3173
          5       0.00      0.00      0.00      1644
          6       0.00      0.00      0.00      1147
          7       0.00      0.00      0.00       199
          8       0.00      0.00      0.00        12
          9       0.00      0.00      0.00         5

avg / total       0.25      0.50      0.33    820008

--------- CONFUSION MATRIX ------------
[[410985      0      0      0      0      0      0      0      0      0]
 [346534      0      0      0      0      0      0      0      0      0]
 [ 39061      0      0      0      0      0      0      0      0      0]
 [ 17248      0      0      0      0      0      0      0      0      0]
 [  3173      0      0      0      0      0      0      0      0      0]
 [  1644      0      0      0      0      0      0      0      0      0]
 [  1147      0      0      0      0      0      0      0      0      0]
 [   199      0      0      0      0      0      0      0      0      0]
 [    12      0      0      0      0      0      0      0      0      0]
 [     5      0      0      0      0      0      0      0      0      0]]

--------------------  SMOOTHING CONSTANT = 0.30000000000000004  --------------------
             precision    recall  f1-score   support

          0       0.50      1.00      0.67    410985
          1       0.00      0.00      0.00    346534
          2       0.00      0.00      0.00     39061
          3       0.00      0.00      0.00     17248
          4       0.00      0.00      0.00      3173
          5       0.00      0.00      0.00      1644
          6       0.00      0.00      0.00      1147
          7       0.00      0.00      0.00       199
          8       0.00      0.00      0.00        12
          9       0.00      0.00      0.00         5

avg / total       0.25      0.50      0.33    820008

--------- CONFUSION MATRIX ------------
[[410985      0      0      0      0      0      0      0      0      0]
 [346534      0      0      0      0      0      0      0      0      0]
 [ 39061      0      0      0      0      0      0      0      0      0]
 [ 17248      0      0      0      0      0      0      0      0      0]
 [  3173      0      0      0      0      0      0      0      0      0]
 [  1644      0      0      0      0      0      0      0      0      0]
 [  1147      0      0      0      0      0      0      0      0      0]
 [   199      0      0      0      0      0      0      0      0      0]
 [    12      0      0      0      0      0      0      0      0      0]
 [     5      0      0      0      0      0      0      0      0      0]]

--------------------  SMOOTHING CONSTANT = 0.4  --------------------
             precision    recall  f1-score   support

          0       0.50      1.00      0.67    410985
          1       0.00      0.00      0.00    346534
          2       0.00      0.00      0.00     39061
          3       0.00      0.00      0.00     17248
          4       0.00      0.00      0.00      3173
          5       0.00      0.00      0.00      1644
          6       0.00      0.00      0.00      1147
          7       0.00      0.00      0.00       199
          8       0.00      0.00      0.00        12
          9       0.00      0.00      0.00         5

avg / total       0.25      0.50      0.33    820008

--------- CONFUSION MATRIX ------------
[[410985      0      0      0      0      0      0      0      0      0]
 [346534      0      0      0      0      0      0      0      0      0]
 [ 39061      0      0      0      0      0      0      0      0      0]
 [ 17248      0      0      0      0      0      0      0      0      0]
 [  3173      0      0      0      0      0      0      0      0      0]
 [  1644      0      0      0      0      0      0      0      0      0]
 [  1147      0      0      0      0      0      0      0      0      0]
 [   199      0      0      0      0      0      0      0      0      0]
 [    12      0      0      0      0      0      0      0      0      0]
 [     5      0      0      0      0      0      0      0      0      0]]

--------------------  SMOOTHING CONSTANT = 0.5  --------------------
             precision    recall  f1-score   support

          0       0.50      1.00      0.67    410985
          1       0.00      0.00      0.00    346534
          2       0.00      0.00      0.00     39061
          3       0.00      0.00      0.00     17248
          4       0.00      0.00      0.00      3173
          5       0.00      0.00      0.00      1644
          6       0.00      0.00      0.00      1147
          7       0.00      0.00      0.00       199
          8       0.00      0.00      0.00        12
          9       0.00      0.00      0.00         5

avg / total       0.25      0.50      0.33    820008

--------- CONFUSION MATRIX ------------
[[410985      0      0      0      0      0      0      0      0      0]
 [346534      0      0      0      0      0      0      0      0      0]
 [ 39061      0      0      0      0      0      0      0      0      0]
 [ 17248      0      0      0      0      0      0      0      0      0]
 [  3173      0      0      0      0      0      0      0      0      0]
 [  1644      0      0      0      0      0      0      0      0      0]
 [  1147      0      0      0      0      0      0      0      0      0]
 [   199      0      0      0      0      0      0      0      0      0]
 [    12      0      0      0      0      0      0      0      0      0]
 [     5      0      0      0      0      0      0      0      0      0]]

--------------------  SMOOTHING CONSTANT = 0.6000000000000001  --------------------
             precision    recall  f1-score   support

          0       0.50      1.00      0.67    410985
          1       0.00      0.00      0.00    346534
          2       0.00      0.00      0.00     39061
          3       0.00      0.00      0.00     17248
          4       0.00      0.00      0.00      3173
          5       0.00      0.00      0.00      1644
          6       0.00      0.00      0.00      1147
          7       0.00      0.00      0.00       199
          8       0.00      0.00      0.00        12
          9       0.00      0.00      0.00         5

avg / total       0.25      0.50      0.33    820008

--------- CONFUSION MATRIX ------------
[[410985      0      0      0      0      0      0      0      0      0]
 [346534      0      0      0      0      0      0      0      0      0]
 [ 39061      0      0      0      0      0      0      0      0      0]
 [ 17248      0      0      0      0      0      0      0      0      0]
 [  3173      0      0      0      0      0      0      0      0      0]
 [  1644      0      0      0      0      0      0      0      0      0]
 [  1147      0      0      0      0      0      0      0      0      0]
 [   199      0      0      0      0      0      0      0      0      0]
 [    12      0      0      0      0      0      0      0      0      0]
 [     5      0      0      0      0      0      0      0      0      0]]

--------------------  SMOOTHING CONSTANT = 0.7000000000000001  --------------------
             precision    recall  f1-score   support

          0       0.50      1.00      0.67    410985
          1       0.00      0.00      0.00    346534
          2       0.00      0.00      0.00     39061
          3       0.00      0.00      0.00     17248
          4       0.00      0.00      0.00      3173
          5       0.00      0.00      0.00      1644
          6       0.00      0.00      0.00      1147
          7       0.00      0.00      0.00       199
          8       0.00      0.00      0.00        12
          9       0.00      0.00      0.00         5

avg / total       0.25      0.50      0.33    820008

--------- CONFUSION MATRIX ------------
[[410985      0      0      0      0      0      0      0      0      0]
 [346534      0      0      0      0      0      0      0      0      0]
 [ 39061      0      0      0      0      0      0      0      0      0]
 [ 17248      0      0      0      0      0      0      0      0      0]
 [  3173      0      0      0      0      0      0      0      0      0]
 [  1644      0      0      0      0      0      0      0      0      0]
 [  1147      0      0      0      0      0      0      0      0      0]
 [   199      0      0      0      0      0      0      0      0      0]
 [    12      0      0      0      0      0      0      0      0      0]
 [     5      0      0      0      0      0      0      0      0      0]]

--------------------  SMOOTHING CONSTANT = 0.8  --------------------
             precision    recall  f1-score   support

          0       0.50      1.00      0.67    410985
          1       0.00      0.00      0.00    346534
          2       0.00      0.00      0.00     39061
          3       0.00      0.00      0.00     17248
          4       0.00      0.00      0.00      3173
          5       0.00      0.00      0.00      1644
          6       0.00      0.00      0.00      1147
          7       0.00      0.00      0.00       199
          8       0.00      0.00      0.00        12
          9       0.00      0.00      0.00         5

avg / total       0.25      0.50      0.33    820008

--------- CONFUSION MATRIX ------------
[[410985      0      0      0      0      0      0      0      0      0]
 [346534      0      0      0      0      0      0      0      0      0]
 [ 39061      0      0      0      0      0      0      0      0      0]
 [ 17248      0      0      0      0      0      0      0      0      0]
 [  3173      0      0      0      0      0      0      0      0      0]
 [  1644      0      0      0      0      0      0      0      0      0]
 [  1147      0      0      0      0      0      0      0      0      0]
 [   199      0      0      0      0      0      0      0      0      0]
 [    12      0      0      0      0      0      0      0      0      0]
 [     5      0      0      0      0      0      0      0      0      0]]

--------------------  SMOOTHING CONSTANT = 0.9  --------------------
             precision    recall  f1-score   support

          0       0.50      1.00      0.67    410985
          1       0.00      0.00      0.00    346534
          2       0.00      0.00      0.00     39061
          3       0.00      0.00      0.00     17248
          4       0.00      0.00      0.00      3173
          5       0.00      0.00      0.00      1644
          6       0.00      0.00      0.00      1147
          7       0.00      0.00      0.00       199
          8       0.00      0.00      0.00        12
          9       0.00      0.00      0.00         5

avg / total       0.25      0.50      0.33    820008

--------- CONFUSION MATRIX ------------
[[410985      0      0      0      0      0      0      0      0      0]
 [346534      0      0      0      0      0      0      0      0      0]
 [ 39061      0      0      0      0      0      0      0      0      0]
 [ 17248      0      0      0      0      0      0      0      0      0]
 [  3173      0      0      0      0      0      0      0      0      0]
 [  1644      0      0      0      0      0      0      0      0      0]
 [  1147      0      0      0      0      0      0      0      0      0]
 [   199      0      0      0      0      0      0      0      0      0]
 [    12      0      0      0      0      0      0      0      0      0]
 [     5      0      0      0      0      0      0      0      0      0]]

--------------------  SMOOTHING CONSTANT = 1.0  --------------------
             precision    recall  f1-score   support

          0       0.50      1.00      0.67    410985
          1       0.00      0.00      0.00    346534
          2       0.00      0.00      0.00     39061
          3       0.00      0.00      0.00     17248
          4       0.00      0.00      0.00      3173
          5       0.00      0.00      0.00      1644
          6       0.00      0.00      0.00      1147
          7       0.00      0.00      0.00       199
          8       0.00      0.00      0.00        12
          9       0.00      0.00      0.00         5

avg / total       0.25      0.50      0.33    820008

--------- CONFUSION MATRIX ------------
[[410985      0      0      0      0      0      0      0      0      0]
 [346534      0      0      0      0      0      0      0      0      0]
 [ 39061      0      0      0      0      0      0      0      0      0]
 [ 17248      0      0      0      0      0      0      0      0      0]
 [  3173      0      0      0      0      0      0      0      0      0]
 [  1644      0      0      0      0      0      0      0      0      0]
 [  1147      0      0      0      0      0      0      0      0      0]
 [   199      0      0      0      0      0      0      0      0      0]
 [    12      0      0      0      0      0      0      0      0      0]
 [     5      0      0      0      0      0      0      0      0      0]]

---------- FOLD # 3 ---------
--------------------  SMOOTHING CONSTANT = 0.0  --------------------
             precision    recall  f1-score   support

          0       0.50      1.00      0.67    410957
          1       0.00      0.00      0.00    346484
          2       0.00      0.00      0.00     39038
          3       0.00      0.00      0.00     17294
          4       0.00      0.00      0.00      3217
          5       0.00      0.00      0.00      1616
          6       0.00      0.00      0.00      1182
          7       0.00      0.00      0.00       196
          8       0.00      0.00      0.00        16
          9       0.00      0.00      0.00         8

avg / total       0.25      0.50      0.33    820008

--------- CONFUSION MATRIX ------------
[[410957      0      0      0      0      0      0      0      0      0]
 [346484      0      0      0      0      0      0      0      0      0]
 [ 39038      0      0      0      0      0      0      0      0      0]
 [ 17294      0      0      0      0      0      0      0      0      0]
 [  3217      0      0      0      0      0      0      0      0      0]
 [  1616      0      0      0      0      0      0      0      0      0]
 [  1182      0      0      0      0      0      0      0      0      0]
 [   196      0      0      0      0      0      0      0      0      0]
 [    16      0      0      0      0      0      0      0      0      0]
 [     8      0      0      0      0      0      0      0      0      0]]

--------------------  SMOOTHING CONSTANT = 0.1  --------------------
             precision    recall  f1-score   support

          0       0.50      1.00      0.67    410957
          1       0.00      0.00      0.00    346484
          2       0.00      0.00      0.00     39038
          3       0.00      0.00      0.00     17294
          4       0.00      0.00      0.00      3217
          5       0.00      0.00      0.00      1616
          6       0.00      0.00      0.00      1182
          7       0.00      0.00      0.00       196
          8       0.00      0.00      0.00        16
          9       0.00      0.00      0.00         8

avg / total       0.25      0.50      0.33    820008

--------- CONFUSION MATRIX ------------
[[410957      0      0      0      0      0      0      0      0      0]
 [346484      0      0      0      0      0      0      0      0      0]
 [ 39038      0      0      0      0      0      0      0      0      0]
 [ 17294      0      0      0      0      0      0      0      0      0]
 [  3217      0      0      0      0      0      0      0      0      0]
 [  1616      0      0      0      0      0      0      0      0      0]
 [  1182      0      0      0      0      0      0      0      0      0]
 [   196      0      0      0      0      0      0      0      0      0]
 [    16      0      0      0      0      0      0      0      0      0]
 [     8      0      0      0      0      0      0      0      0      0]]

--------------------  SMOOTHING CONSTANT = 0.2  --------------------
             precision    recall  f1-score   support

          0       0.50      1.00      0.67    410957
          1       0.00      0.00      0.00    346484
          2       0.00      0.00      0.00     39038
          3       0.00      0.00      0.00     17294
          4       0.00      0.00      0.00      3217
          5       0.00      0.00      0.00      1616
          6       0.00      0.00      0.00      1182
          7       0.00      0.00      0.00       196
          8       0.00      0.00      0.00        16
          9       0.00      0.00      0.00         8

avg / total       0.25      0.50      0.33    820008

--------- CONFUSION MATRIX ------------
[[410957      0      0      0      0      0      0      0      0      0]
 [346484      0      0      0      0      0      0      0      0      0]
 [ 39038      0      0      0      0      0      0      0      0      0]
 [ 17294      0      0      0      0      0      0      0      0      0]
 [  3217      0      0      0      0      0      0      0      0      0]
 [  1616      0      0      0      0      0      0      0      0      0]
 [  1182      0      0      0      0      0      0      0      0      0]
 [   196      0      0      0      0      0      0      0      0      0]
 [    16      0      0      0      0      0      0      0      0      0]
 [     8      0      0      0      0      0      0      0      0      0]]

--------------------  SMOOTHING CONSTANT = 0.30000000000000004  --------------------
             precision    recall  f1-score   support

          0       0.50      1.00      0.67    410957
          1       0.00      0.00      0.00    346484
          2       0.00      0.00      0.00     39038
          3       0.00      0.00      0.00     17294
          4       0.00      0.00      0.00      3217
          5       0.00      0.00      0.00      1616
          6       0.00      0.00      0.00      1182
          7       0.00      0.00      0.00       196
          8       0.00      0.00      0.00        16
          9       0.00      0.00      0.00         8

avg / total       0.25      0.50      0.33    820008

--------- CONFUSION MATRIX ------------
[[410957      0      0      0      0      0      0      0      0      0]
 [346484      0      0      0      0      0      0      0      0      0]
 [ 39038      0      0      0      0      0      0      0      0      0]
 [ 17294      0      0      0      0      0      0      0      0      0]
 [  3217      0      0      0      0      0      0      0      0      0]
 [  1616      0      0      0      0      0      0      0      0      0]
 [  1182      0      0      0      0      0      0      0      0      0]
 [   196      0      0      0      0      0      0      0      0      0]
 [    16      0      0      0      0      0      0      0      0      0]
 [     8      0      0      0      0      0      0      0      0      0]]

--------------------  SMOOTHING CONSTANT = 0.4  --------------------
             precision    recall  f1-score   support

          0       0.50      1.00      0.67    410957
          1       0.00      0.00      0.00    346484
          2       0.00      0.00      0.00     39038
          3       0.00      0.00      0.00     17294
          4       0.00      0.00      0.00      3217
          5       0.00      0.00      0.00      1616
          6       0.00      0.00      0.00      1182
          7       0.00      0.00      0.00       196
          8       0.00      0.00      0.00        16
          9       0.00      0.00      0.00         8

avg / total       0.25      0.50      0.33    820008

--------- CONFUSION MATRIX ------------
[[410957      0      0      0      0      0      0      0      0      0]
 [346484      0      0      0      0      0      0      0      0      0]
 [ 39038      0      0      0      0      0      0      0      0      0]
 [ 17294      0      0      0      0      0      0      0      0      0]
 [  3217      0      0      0      0      0      0      0      0      0]
 [  1616      0      0      0      0      0      0      0      0      0]
 [  1182      0      0      0      0      0      0      0      0      0]
 [   196      0      0      0      0      0      0      0      0      0]
 [    16      0      0      0      0      0      0      0      0      0]
 [     8      0      0      0      0      0      0      0      0      0]]

--------------------  SMOOTHING CONSTANT = 0.5  --------------------
             precision    recall  f1-score   support

          0       0.50      1.00      0.67    410957
          1       0.00      0.00      0.00    346484
          2       0.00      0.00      0.00     39038
          3       0.00      0.00      0.00     17294
          4       0.00      0.00      0.00      3217
          5       0.00      0.00      0.00      1616
          6       0.00      0.00      0.00      1182
          7       0.00      0.00      0.00       196
          8       0.00      0.00      0.00        16
          9       0.00      0.00      0.00         8

avg / total       0.25      0.50      0.33    820008

--------- CONFUSION MATRIX ------------
[[410957      0      0      0      0      0      0      0      0      0]
 [346484      0      0      0      0      0      0      0      0      0]
 [ 39038      0      0      0      0      0      0      0      0      0]
 [ 17294      0      0      0      0      0      0      0      0      0]
 [  3217      0      0      0      0      0      0      0      0      0]
 [  1616      0      0      0      0      0      0      0      0      0]
 [  1182      0      0      0      0      0      0      0      0      0]
 [   196      0      0      0      0      0      0      0      0      0]
 [    16      0      0      0      0      0      0      0      0      0]
 [     8      0      0      0      0      0      0      0      0      0]]

--------------------  SMOOTHING CONSTANT = 0.6000000000000001  --------------------
             precision    recall  f1-score   support

          0       0.50      1.00      0.67    410957
          1       0.00      0.00      0.00    346484
          2       0.00      0.00      0.00     39038
          3       0.00      0.00      0.00     17294
          4       0.00      0.00      0.00      3217
          5       0.00      0.00      0.00      1616
          6       0.00      0.00      0.00      1182
          7       0.00      0.00      0.00       196
          8       0.00      0.00      0.00        16
          9       0.00      0.00      0.00         8

avg / total       0.25      0.50      0.33    820008

--------- CONFUSION MATRIX ------------
[[410957      0      0      0      0      0      0      0      0      0]
 [346484      0      0      0      0      0      0      0      0      0]
 [ 39038      0      0      0      0      0      0      0      0      0]
 [ 17294      0      0      0      0      0      0      0      0      0]
 [  3217      0      0      0      0      0      0      0      0      0]
 [  1616      0      0      0      0      0      0      0      0      0]
 [  1182      0      0      0      0      0      0      0      0      0]
 [   196      0      0      0      0      0      0      0      0      0]
 [    16      0      0      0      0      0      0      0      0      0]
 [     8      0      0      0      0      0      0      0      0      0]]

--------------------  SMOOTHING CONSTANT = 0.7000000000000001  --------------------
             precision    recall  f1-score   support

          0       0.50      1.00      0.67    410957
          1       0.00      0.00      0.00    346484
          2       0.00      0.00      0.00     39038
          3       0.00      0.00      0.00     17294
          4       0.00      0.00      0.00      3217
          5       0.00      0.00      0.00      1616
          6       0.00      0.00      0.00      1182
          7       0.00      0.00      0.00       196
          8       0.00      0.00      0.00        16
          9       0.00      0.00      0.00         8

avg / total       0.25      0.50      0.33    820008

--------- CONFUSION MATRIX ------------
[[410957      0      0      0      0      0      0      0      0      0]
 [346484      0      0      0      0      0      0      0      0      0]
 [ 39038      0      0      0      0      0      0      0      0      0]
 [ 17294      0      0      0      0      0      0      0      0      0]
 [  3217      0      0      0      0      0      0      0      0      0]
 [  1616      0      0      0      0      0      0      0      0      0]
 [  1182      0      0      0      0      0      0      0      0      0]
 [   196      0      0      0      0      0      0      0      0      0]
 [    16      0      0      0      0      0      0      0      0      0]
 [     8      0      0      0      0      0      0      0      0      0]]

--------------------  SMOOTHING CONSTANT = 0.8  --------------------
             precision    recall  f1-score   support

          0       0.50      1.00      0.67    410957
          1       0.00      0.00      0.00    346484
          2       0.00      0.00      0.00     39038
          3       0.00      0.00      0.00     17294
          4       0.00      0.00      0.00      3217
          5       0.00      0.00      0.00      1616
          6       0.00      0.00      0.00      1182
          7       0.00      0.00      0.00       196
          8       0.00      0.00      0.00        16
          9       0.00      0.00      0.00         8

avg / total       0.25      0.50      0.33    820008

--------- CONFUSION MATRIX ------------
[[410957      0      0      0      0      0      0      0      0      0]
 [346484      0      0      0      0      0      0      0      0      0]
 [ 39038      0      0      0      0      0      0      0      0      0]
 [ 17294      0      0      0      0      0      0      0      0      0]
 [  3217      0      0      0      0      0      0      0      0      0]
 [  1616      0      0      0      0      0      0      0      0      0]
 [  1182      0      0      0      0      0      0      0      0      0]
 [   196      0      0      0      0      0      0      0      0      0]
 [    16      0      0      0      0      0      0      0      0      0]
 [     8      0      0      0      0      0      0      0      0      0]]

--------------------  SMOOTHING CONSTANT = 0.9  --------------------
             precision    recall  f1-score   support

          0       0.50      1.00      0.67    410957
          1       0.00      0.00      0.00    346484
          2       0.00      0.00      0.00     39038
          3       0.00      0.00      0.00     17294
          4       0.00      0.00      0.00      3217
          5       0.00      0.00      0.00      1616
          6       0.00      0.00      0.00      1182
          7       0.00      0.00      0.00       196
          8       0.00      0.00      0.00        16
          9       0.00      0.00      0.00         8

avg / total       0.25      0.50      0.33    820008

--------- CONFUSION MATRIX ------------
[[410957      0      0      0      0      0      0      0      0      0]
 [346484      0      0      0      0      0      0      0      0      0]
 [ 39038      0      0      0      0      0      0      0      0      0]
 [ 17294      0      0      0      0      0      0      0      0      0]
 [  3217      0      0      0      0      0      0      0      0      0]
 [  1616      0      0      0      0      0      0      0      0      0]
 [  1182      0      0      0      0      0      0      0      0      0]
 [   196      0      0      0      0      0      0      0      0      0]
 [    16      0      0      0      0      0      0      0      0      0]
 [     8      0      0      0      0      0      0      0      0      0]]

--------------------  SMOOTHING CONSTANT = 1.0  --------------------
             precision    recall  f1-score   support

          0       0.50      1.00      0.67    410957
          1       0.00      0.00      0.00    346484
          2       0.00      0.00      0.00     39038
          3       0.00      0.00      0.00     17294
          4       0.00      0.00      0.00      3217
          5       0.00      0.00      0.00      1616
          6       0.00      0.00      0.00      1182
          7       0.00      0.00      0.00       196
          8       0.00      0.00      0.00        16
          9       0.00      0.00      0.00         8

avg / total       0.25      0.50      0.33    820008

--------- CONFUSION MATRIX ------------
[[410957      0      0      0      0      0      0      0      0      0]
 [346484      0      0      0      0      0      0      0      0      0]
 [ 39038      0      0      0      0      0      0      0      0      0]
 [ 17294      0      0      0      0      0      0      0      0      0]
 [  3217      0      0      0      0      0      0      0      0      0]
 [  1616      0      0      0      0      0      0      0      0      0]
 [  1182      0      0      0      0      0      0      0      0      0]
 [   196      0      0      0      0      0      0      0      0      0]
 [    16      0      0      0      0      0      0      0      0      0]
 [     8      0      0      0      0      0      0      0      0      0]]

---------- FOLD # 4 ---------
--------------------  SMOOTHING CONSTANT = 0.0  --------------------
             precision    recall  f1-score   support

          0       0.50      1.00      0.67    410864
          1       0.00      0.00      0.00    346387
          2       0.00      0.00      0.00     39123
          3       0.00      0.00      0.00     17415
          4       0.00      0.00      0.00      3199
          5       0.00      0.00      0.00      1646
          6       0.00      0.00      0.00      1171
          7       0.00      0.00      0.00       182
          8       0.00      0.00      0.00        14
          9       0.00      0.00      0.00         7

avg / total       0.25      0.50      0.33    820008

--------- CONFUSION MATRIX ------------
[[410864      0      0      0      0      0      0      0      0      0]
 [346387      0      0      0      0      0      0      0      0      0]
 [ 39123      0      0      0      0      0      0      0      0      0]
 [ 17415      0      0      0      0      0      0      0      0      0]
 [  3199      0      0      0      0      0      0      0      0      0]
 [  1646      0      0      0      0      0      0      0      0      0]
 [  1171      0      0      0      0      0      0      0      0      0]
 [   182      0      0      0      0      0      0      0      0      0]
 [    14      0      0      0      0      0      0      0      0      0]
 [     7      0      0      0      0      0      0      0      0      0]]

--------------------  SMOOTHING CONSTANT = 0.1  --------------------
             precision    recall  f1-score   support

          0       0.50      1.00      0.67    410864
          1       0.00      0.00      0.00    346387
          2       0.00      0.00      0.00     39123
          3       0.00      0.00      0.00     17415
          4       0.00      0.00      0.00      3199
          5       0.00      0.00      0.00      1646
          6       0.00      0.00      0.00      1171
          7       0.00      0.00      0.00       182
          8       0.00      0.00      0.00        14
          9       0.00      0.00      0.00         7

avg / total       0.25      0.50      0.33    820008

--------- CONFUSION MATRIX ------------
[[410864      0      0      0      0      0      0      0      0      0]
 [346387      0      0      0      0      0      0      0      0      0]
 [ 39123      0      0      0      0      0      0      0      0      0]
 [ 17415      0      0      0      0      0      0      0      0      0]
 [  3199      0      0      0      0      0      0      0      0      0]
 [  1646      0      0      0      0      0      0      0      0      0]
 [  1171      0      0      0      0      0      0      0      0      0]
 [   182      0      0      0      0      0      0      0      0      0]
 [    14      0      0      0      0      0      0      0      0      0]
 [     7      0      0      0      0      0      0      0      0      0]]

--------------------  SMOOTHING CONSTANT = 0.2  --------------------
             precision    recall  f1-score   support

          0       0.50      1.00      0.67    410864
          1       0.00      0.00      0.00    346387
          2       0.00      0.00      0.00     39123
          3       0.00      0.00      0.00     17415
          4       0.00      0.00      0.00      3199
          5       0.00      0.00      0.00      1646
          6       0.00      0.00      0.00      1171
          7       0.00      0.00      0.00       182
          8       0.00      0.00      0.00        14
          9       0.00      0.00      0.00         7

avg / total       0.25      0.50      0.33    820008

--------- CONFUSION MATRIX ------------
[[410864      0      0      0      0      0      0      0      0      0]
 [346387      0      0      0      0      0      0      0      0      0]
 [ 39123      0      0      0      0      0      0      0      0      0]
 [ 17415      0      0      0      0      0      0      0      0      0]
 [  3199      0      0      0      0      0      0      0      0      0]
 [  1646      0      0      0      0      0      0      0      0      0]
 [  1171      0      0      0      0      0      0      0      0      0]
 [   182      0      0      0      0      0      0      0      0      0]
 [    14      0      0      0      0      0      0      0      0      0]
 [     7      0      0      0      0      0      0      0      0      0]]

--------------------  SMOOTHING CONSTANT = 0.30000000000000004  --------------------
             precision    recall  f1-score   support

          0       0.50      1.00      0.67    410864
          1       0.00      0.00      0.00    346387
          2       0.00      0.00      0.00     39123
          3       0.00      0.00      0.00     17415
          4       0.00      0.00      0.00      3199
          5       0.00      0.00      0.00      1646
          6       0.00      0.00      0.00      1171
          7       0.00      0.00      0.00       182
          8       0.00      0.00      0.00        14
          9       0.00      0.00      0.00         7

avg / total       0.25      0.50      0.33    820008

--------- CONFUSION MATRIX ------------
[[410864      0      0      0      0      0      0      0      0      0]
 [346387      0      0      0      0      0      0      0      0      0]
 [ 39123      0      0      0      0      0      0      0      0      0]
 [ 17415      0      0      0      0      0      0      0      0      0]
 [  3199      0      0      0      0      0      0      0      0      0]
 [  1646      0      0      0      0      0      0      0      0      0]
 [  1171      0      0      0      0      0      0      0      0      0]
 [   182      0      0      0      0      0      0      0      0      0]
 [    14      0      0      0      0      0      0      0      0      0]
 [     7      0      0      0      0      0      0      0      0      0]]

--------------------  SMOOTHING CONSTANT = 0.4  --------------------
             precision    recall  f1-score   support

          0       0.50      1.00      0.67    410864
          1       0.00      0.00      0.00    346387
          2       0.00      0.00      0.00     39123
          3       0.00      0.00      0.00     17415
          4       0.00      0.00      0.00      3199
          5       0.00      0.00      0.00      1646
          6       0.00      0.00      0.00      1171
          7       0.00      0.00      0.00       182
          8       0.00      0.00      0.00        14
          9       0.00      0.00      0.00         7

avg / total       0.25      0.50      0.33    820008

--------- CONFUSION MATRIX ------------
[[410864      0      0      0      0      0      0      0      0      0]
 [346387      0      0      0      0      0      0      0      0      0]
 [ 39123      0      0      0      0      0      0      0      0      0]
 [ 17415      0      0      0      0      0      0      0      0      0]
 [  3199      0      0      0      0      0      0      0      0      0]
 [  1646      0      0      0      0      0      0      0      0      0]
 [  1171      0      0      0      0      0      0      0      0      0]
 [   182      0      0      0      0      0      0      0      0      0]
 [    14      0      0      0      0      0      0      0      0      0]
 [     7      0      0      0      0      0      0      0      0      0]]

--------------------  SMOOTHING CONSTANT = 0.5  --------------------
             precision    recall  f1-score   support

          0       0.50      1.00      0.67    410864
          1       0.00      0.00      0.00    346387
          2       0.00      0.00      0.00     39123
          3       0.00      0.00      0.00     17415
          4       0.00      0.00      0.00      3199
          5       0.00      0.00      0.00      1646
          6       0.00      0.00      0.00      1171
          7       0.00      0.00      0.00       182
          8       0.00      0.00      0.00        14
          9       0.00      0.00      0.00         7

avg / total       0.25      0.50      0.33    820008

--------- CONFUSION MATRIX ------------
[[410864      0      0      0      0      0      0      0      0      0]
 [346387      0      0      0      0      0      0      0      0      0]
 [ 39123      0      0      0      0      0      0      0      0      0]
 [ 17415      0      0      0      0      0      0      0      0      0]
 [  3199      0      0      0      0      0      0      0      0      0]
 [  1646      0      0      0      0      0      0      0      0      0]
 [  1171      0      0      0      0      0      0      0      0      0]
 [   182      0      0      0      0      0      0      0      0      0]
 [    14      0      0      0      0      0      0      0      0      0]
 [     7      0      0      0      0      0      0      0      0      0]]

--------------------  SMOOTHING CONSTANT = 0.6000000000000001  --------------------
             precision    recall  f1-score   support

          0       0.50      1.00      0.67    410864
          1       0.00      0.00      0.00    346387
          2       0.00      0.00      0.00     39123
          3       0.00      0.00      0.00     17415
          4       0.00      0.00      0.00      3199
          5       0.00      0.00      0.00      1646
          6       0.00      0.00      0.00      1171
          7       0.00      0.00      0.00       182
          8       0.00      0.00      0.00        14
          9       0.00      0.00      0.00         7

avg / total       0.25      0.50      0.33    820008

--------- CONFUSION MATRIX ------------
[[410864      0      0      0      0      0      0      0      0      0]
 [346387      0      0      0      0      0      0      0      0      0]
 [ 39123      0      0      0      0      0      0      0      0      0]
 [ 17415      0      0      0      0      0      0      0      0      0]
 [  3199      0      0      0      0      0      0      0      0      0]
 [  1646      0      0      0      0      0      0      0      0      0]
 [  1171      0      0      0      0      0      0      0      0      0]
 [   182      0      0      0      0      0      0      0      0      0]
 [    14      0      0      0      0      0      0      0      0      0]
 [     7      0      0      0      0      0      0      0      0      0]]

--------------------  SMOOTHING CONSTANT = 0.7000000000000001  --------------------
             precision    recall  f1-score   support

          0       0.50      1.00      0.67    410864
          1       0.00      0.00      0.00    346387
          2       0.00      0.00      0.00     39123
          3       0.00      0.00      0.00     17415
          4       0.00      0.00      0.00      3199
          5       0.00      0.00      0.00      1646
          6       0.00      0.00      0.00      1171
          7       0.00      0.00      0.00       182
          8       0.00      0.00      0.00        14
          9       0.00      0.00      0.00         7

avg / total       0.25      0.50      0.33    820008

--------- CONFUSION MATRIX ------------
[[410864      0      0      0      0      0      0      0      0      0]
 [346387      0      0      0      0      0      0      0      0      0]
 [ 39123      0      0      0      0      0      0      0      0      0]
 [ 17415      0      0      0      0      0      0      0      0      0]
 [  3199      0      0      0      0      0      0      0      0      0]
 [  1646      0      0      0      0      0      0      0      0      0]
 [  1171      0      0      0      0      0      0      0      0      0]
 [   182      0      0      0      0      0      0      0      0      0]
 [    14      0      0      0      0      0      0      0      0      0]
 [     7      0      0      0      0      0      0      0      0      0]]

--------------------  SMOOTHING CONSTANT = 0.8  --------------------
             precision    recall  f1-score   support

          0       0.50      1.00      0.67    410864
          1       0.00      0.00      0.00    346387
          2       0.00      0.00      0.00     39123
          3       0.00      0.00      0.00     17415
          4       0.00      0.00      0.00      3199
          5       0.00      0.00      0.00      1646
          6       0.00      0.00      0.00      1171
          7       0.00      0.00      0.00       182
          8       0.00      0.00      0.00        14
          9       0.00      0.00      0.00         7

avg / total       0.25      0.50      0.33    820008

--------- CONFUSION MATRIX ------------
[[410864      0      0      0      0      0      0      0      0      0]
 [346387      0      0      0      0      0      0      0      0      0]
 [ 39123      0      0      0      0      0      0      0      0      0]
 [ 17415      0      0      0      0      0      0      0      0      0]
 [  3199      0      0      0      0      0      0      0      0      0]
 [  1646      0      0      0      0      0      0      0      0      0]
 [  1171      0      0      0      0      0      0      0      0      0]
 [   182      0      0      0      0      0      0      0      0      0]
 [    14      0      0      0      0      0      0      0      0      0]
 [     7      0      0      0      0      0      0      0      0      0]]

--------------------  SMOOTHING CONSTANT = 0.9  --------------------
             precision    recall  f1-score   support

          0       0.50      1.00      0.67    410864
          1       0.00      0.00      0.00    346387
          2       0.00      0.00      0.00     39123
          3       0.00      0.00      0.00     17415
          4       0.00      0.00      0.00      3199
          5       0.00      0.00      0.00      1646
          6       0.00      0.00      0.00      1171
          7       0.00      0.00      0.00       182
          8       0.00      0.00      0.00        14
          9       0.00      0.00      0.00         7

avg / total       0.25      0.50      0.33    820008

--------- CONFUSION MATRIX ------------
[[410864      0      0      0      0      0      0      0      0      0]
 [346387      0      0      0      0      0      0      0      0      0]
 [ 39123      0      0      0      0      0      0      0      0      0]
 [ 17415      0      0      0      0      0      0      0      0      0]
 [  3199      0      0      0      0      0      0      0      0      0]
 [  1646      0      0      0      0      0      0      0      0      0]
 [  1171      0      0      0      0      0      0      0      0      0]
 [   182      0      0      0      0      0      0      0      0      0]
 [    14      0      0      0      0      0      0      0      0      0]
 [     7      0      0      0      0      0      0      0      0      0]]

--------------------  SMOOTHING CONSTANT = 1.0  --------------------
             precision    recall  f1-score   support

          0       0.50      1.00      0.67    410864
          1       0.00      0.00      0.00    346387
          2       0.00      0.00      0.00     39123
          3       0.00      0.00      0.00     17415
          4       0.00      0.00      0.00      3199
          5       0.00      0.00      0.00      1646
          6       0.00      0.00      0.00      1171
          7       0.00      0.00      0.00       182
          8       0.00      0.00      0.00        14
          9       0.00      0.00      0.00         7

avg / total       0.25      0.50      0.33    820008

--------- CONFUSION MATRIX ------------
[[410864      0      0      0      0      0      0      0      0      0]
 [346387      0      0      0      0      0      0      0      0      0]
 [ 39123      0      0      0      0      0      0      0      0      0]
 [ 17415      0      0      0      0      0      0      0      0      0]
 [  3199      0      0      0      0      0      0      0      0      0]
 [  1646      0      0      0      0      0      0      0      0      0]
 [  1171      0      0      0      0      0      0      0      0      0]
 [   182      0      0      0      0      0      0      0      0      0]
 [    14      0      0      0      0      0      0      0      0      0]
 [     7      0      0      0      0      0      0      0      0      0]]

---------- FOLD # 5 ---------
--------------------  SMOOTHING CONSTANT = 0.0  --------------------
             precision    recall  f1-score   support

          0       0.50      1.00      0.67    410952
          1       0.00      0.00      0.00    346491
          2       0.00      0.00      0.00     39142
          3       0.00      0.00      0.00     17227
          4       0.00      0.00      0.00      3185
          5       0.00      0.00      0.00      1655
          6       0.00      0.00      0.00      1153
          7       0.00      0.00      0.00       186
          8       0.00      0.00      0.00        12
          9       0.00      0.00      0.00         5

avg / total       0.25      0.50      0.33    820008

--------- CONFUSION MATRIX ------------
[[410952      0      0      0      0      0      0      0      0      0]
 [346491      0      0      0      0      0      0      0      0      0]
 [ 39142      0      0      0      0      0      0      0      0      0]
 [ 17227      0      0      0      0      0      0      0      0      0]
 [  3185      0      0      0      0      0      0      0      0      0]
 [  1655      0      0      0      0      0      0      0      0      0]
 [  1153      0      0      0      0      0      0      0      0      0]
 [   186      0      0      0      0      0      0      0      0      0]
 [    12      0      0      0      0      0      0      0      0      0]
 [     5      0      0      0      0      0      0      0      0      0]]

--------------------  SMOOTHING CONSTANT = 0.1  --------------------
             precision    recall  f1-score   support

          0       0.50      1.00      0.67    410952
          1       0.00      0.00      0.00    346491
          2       0.00      0.00      0.00     39142
          3       0.00      0.00      0.00     17227
          4       0.00      0.00      0.00      3185
          5       0.00      0.00      0.00      1655
          6       0.00      0.00      0.00      1153
          7       0.00      0.00      0.00       186
          8       0.00      0.00      0.00        12
          9       0.00      0.00      0.00         5

avg / total       0.25      0.50      0.33    820008

--------- CONFUSION MATRIX ------------
[[410952      0      0      0      0      0      0      0      0      0]
 [346491      0      0      0      0      0      0      0      0      0]
 [ 39142      0      0      0      0      0      0      0      0      0]
 [ 17227      0      0      0      0      0      0      0      0      0]
 [  3185      0      0      0      0      0      0      0      0      0]
 [  1655      0      0      0      0      0      0      0      0      0]
 [  1153      0      0      0      0      0      0      0      0      0]
 [   186      0      0      0      0      0      0      0      0      0]
 [    12      0      0      0      0      0      0      0      0      0]
 [     5      0      0      0      0      0      0      0      0      0]]

--------------------  SMOOTHING CONSTANT = 0.2  --------------------
             precision    recall  f1-score   support

          0       0.50      1.00      0.67    410952
          1       0.00      0.00      0.00    346491
          2       0.00      0.00      0.00     39142
          3       0.00      0.00      0.00     17227
          4       0.00      0.00      0.00      3185
          5       0.00      0.00      0.00      1655
          6       0.00      0.00      0.00      1153
          7       0.00      0.00      0.00       186
          8       0.00      0.00      0.00        12
          9       0.00      0.00      0.00         5

avg / total       0.25      0.50      0.33    820008

--------- CONFUSION MATRIX ------------
[[410952      0      0      0      0      0      0      0      0      0]
 [346491      0      0      0      0      0      0      0      0      0]
 [ 39142      0      0      0      0      0      0      0      0      0]
 [ 17227      0      0      0      0      0      0      0      0      0]
 [  3185      0      0      0      0      0      0      0      0      0]
 [  1655      0      0      0      0      0      0      0      0      0]
 [  1153      0      0      0      0      0      0      0      0      0]
 [   186      0      0      0      0      0      0      0      0      0]
 [    12      0      0      0      0      0      0      0      0      0]
 [     5      0      0      0      0      0      0      0      0      0]]

--------------------  SMOOTHING CONSTANT = 0.30000000000000004  --------------------
             precision    recall  f1-score   support

          0       0.50      1.00      0.67    410952
          1       0.00      0.00      0.00    346491
          2       0.00      0.00      0.00     39142
          3       0.00      0.00      0.00     17227
          4       0.00      0.00      0.00      3185
          5       0.00      0.00      0.00      1655
          6       0.00      0.00      0.00      1153
          7       0.00      0.00      0.00       186
          8       0.00      0.00      0.00        12
          9       0.00      0.00      0.00         5

avg / total       0.25      0.50      0.33    820008

--------- CONFUSION MATRIX ------------
[[410952      0      0      0      0      0      0      0      0      0]
 [346491      0      0      0      0      0      0      0      0      0]
 [ 39142      0      0      0      0      0      0      0      0      0]
 [ 17227      0      0      0      0      0      0      0      0      0]
 [  3185      0      0      0      0      0      0      0      0      0]
 [  1655      0      0      0      0      0      0      0      0      0]
 [  1153      0      0      0      0      0      0      0      0      0]
 [   186      0      0      0      0      0      0      0      0      0]
 [    12      0      0      0      0      0      0      0      0      0]
 [     5      0      0      0      0      0      0      0      0      0]]

--------------------  SMOOTHING CONSTANT = 0.4  --------------------
             precision    recall  f1-score   support

          0       0.50      1.00      0.67    410952
          1       0.00      0.00      0.00    346491
          2       0.00      0.00      0.00     39142
          3       0.00      0.00      0.00     17227
          4       0.00      0.00      0.00      3185
          5       0.00      0.00      0.00      1655
          6       0.00      0.00      0.00      1153
          7       0.00      0.00      0.00       186
          8       0.00      0.00      0.00        12
          9       0.00      0.00      0.00         5

avg / total       0.25      0.50      0.33    820008

--------- CONFUSION MATRIX ------------
[[410952      0      0      0      0      0      0      0      0      0]
 [346491      0      0      0      0      0      0      0      0      0]
 [ 39142      0      0      0      0      0      0      0      0      0]
 [ 17227      0      0      0      0      0      0      0      0      0]
 [  3185      0      0      0      0      0      0      0      0      0]
 [  1655      0      0      0      0      0      0      0      0      0]
 [  1153      0      0      0      0      0      0      0      0      0]
 [   186      0      0      0      0      0      0      0      0      0]
 [    12      0      0      0      0      0      0      0      0      0]
 [     5      0      0      0      0      0      0      0      0      0]]

--------------------  SMOOTHING CONSTANT = 0.5  --------------------
             precision    recall  f1-score   support

          0       0.50      1.00      0.67    410952
          1       0.00      0.00      0.00    346491
          2       0.00      0.00      0.00     39142
          3       0.00      0.00      0.00     17227
          4       0.00      0.00      0.00      3185
          5       0.00      0.00      0.00      1655
          6       0.00      0.00      0.00      1153
          7       0.00      0.00      0.00       186
          8       0.00      0.00      0.00        12
          9       0.00      0.00      0.00         5

avg / total       0.25      0.50      0.33    820008

--------- CONFUSION MATRIX ------------
[[410952      0      0      0      0      0      0      0      0      0]
 [346491      0      0      0      0      0      0      0      0      0]
 [ 39142      0      0      0      0      0      0      0      0      0]
 [ 17227      0      0      0      0      0      0      0      0      0]
 [  3185      0      0      0      0      0      0      0      0      0]
 [  1655      0      0      0      0      0      0      0      0      0]
 [  1153      0      0      0      0      0      0      0      0      0]
 [   186      0      0      0      0      0      0      0      0      0]
 [    12      0      0      0      0      0      0      0      0      0]
 [     5      0      0      0      0      0      0      0      0      0]]

--------------------  SMOOTHING CONSTANT = 0.6000000000000001  --------------------
             precision    recall  f1-score   support

          0       0.50      1.00      0.67    410952
          1       0.00      0.00      0.00    346491
          2       0.00      0.00      0.00     39142
          3       0.00      0.00      0.00     17227
          4       0.00      0.00      0.00      3185
          5       0.00      0.00      0.00      1655
          6       0.00      0.00      0.00      1153
          7       0.00      0.00      0.00       186
          8       0.00      0.00      0.00        12
          9       0.00      0.00      0.00         5

avg / total       0.25      0.50      0.33    820008

--------- CONFUSION MATRIX ------------
[[410952      0      0      0      0      0      0      0      0      0]
 [346491      0      0      0      0      0      0      0      0      0]
 [ 39142      0      0      0      0      0      0      0      0      0]
 [ 17227      0      0      0      0      0      0      0      0      0]
 [  3185      0      0      0      0      0      0      0      0      0]
 [  1655      0      0      0      0      0      0      0      0      0]
 [  1153      0      0      0      0      0      0      0      0      0]
 [   186      0      0      0      0      0      0      0      0      0]
 [    12      0      0      0      0      0      0      0      0      0]
 [     5      0      0      0      0      0      0      0      0      0]]

--------------------  SMOOTHING CONSTANT = 0.7000000000000001  --------------------
             precision    recall  f1-score   support

          0       0.50      1.00      0.67    410952
          1       0.00      0.00      0.00    346491
          2       0.00      0.00      0.00     39142
          3       0.00      0.00      0.00     17227
          4       0.00      0.00      0.00      3185
          5       0.00      0.00      0.00      1655
          6       0.00      0.00      0.00      1153
          7       0.00      0.00      0.00       186
          8       0.00      0.00      0.00        12
          9       0.00      0.00      0.00         5

avg / total       0.25      0.50      0.33    820008

--------- CONFUSION MATRIX ------------
[[410952      0      0      0      0      0      0      0      0      0]
 [346491      0      0      0      0      0      0      0      0      0]
 [ 39142      0      0      0      0      0      0      0      0      0]
 [ 17227      0      0      0      0      0      0      0      0      0]
 [  3185      0      0      0      0      0      0      0      0      0]
 [  1655      0      0      0      0      0      0      0      0      0]
 [  1153      0      0      0      0      0      0      0      0      0]
 [   186      0      0      0      0      0      0      0      0      0]
 [    12      0      0      0      0      0      0      0      0      0]
 [     5      0      0      0      0      0      0      0      0      0]]

--------------------  SMOOTHING CONSTANT = 0.8  --------------------
             precision    recall  f1-score   support

          0       0.50      1.00      0.67    410952
          1       0.00      0.00      0.00    346491
          2       0.00      0.00      0.00     39142
          3       0.00      0.00      0.00     17227
          4       0.00      0.00      0.00      3185
          5       0.00      0.00      0.00      1655
          6       0.00      0.00      0.00      1153
          7       0.00      0.00      0.00       186
          8       0.00      0.00      0.00        12
          9       0.00      0.00      0.00         5

avg / total       0.25      0.50      0.33    820008

--------- CONFUSION MATRIX ------------
[[410952      0      0      0      0      0      0      0      0      0]
 [346491      0      0      0      0      0      0      0      0      0]
 [ 39142      0      0      0      0      0      0      0      0      0]
 [ 17227      0      0      0      0      0      0      0      0      0]
 [  3185      0      0      0      0      0      0      0      0      0]
 [  1655      0      0      0      0      0      0      0      0      0]
 [  1153      0      0      0      0      0      0      0      0      0]
 [   186      0      0      0      0      0      0      0      0      0]
 [    12      0      0      0      0      0      0      0      0      0]
 [     5      0      0      0      0      0      0      0      0      0]]

--------------------  SMOOTHING CONSTANT = 0.9  --------------------
             precision    recall  f1-score   support

          0       0.50      1.00      0.67    410952
          1       0.00      0.00      0.00    346491
          2       0.00      0.00      0.00     39142
          3       0.00      0.00      0.00     17227
          4       0.00      0.00      0.00      3185
          5       0.00      0.00      0.00      1655
          6       0.00      0.00      0.00      1153
          7       0.00      0.00      0.00       186
          8       0.00      0.00      0.00        12
          9       0.00      0.00      0.00         5

avg / total       0.25      0.50      0.33    820008

--------- CONFUSION MATRIX ------------
[[410952      0      0      0      0      0      0      0      0      0]
 [346491      0      0      0      0      0      0      0      0      0]
 [ 39142      0      0      0      0      0      0      0      0      0]
 [ 17227      0      0      0      0      0      0      0      0      0]
 [  3185      0      0      0      0      0      0      0      0      0]
 [  1655      0      0      0      0      0      0      0      0      0]
 [  1153      0      0      0      0      0      0      0      0      0]
 [   186      0      0      0      0      0      0      0      0      0]
 [    12      0      0      0      0      0      0      0      0      0]
 [     5      0      0      0      0      0      0      0      0      0]]

--------------------  SMOOTHING CONSTANT = 1.0  --------------------
             precision    recall  f1-score   support

          0       0.50      1.00      0.67    410952
          1       0.00      0.00      0.00    346491
          2       0.00      0.00      0.00     39142
          3       0.00      0.00      0.00     17227
          4       0.00      0.00      0.00      3185
          5       0.00      0.00      0.00      1655
          6       0.00      0.00      0.00      1153
          7       0.00      0.00      0.00       186
          8       0.00      0.00      0.00        12
          9       0.00      0.00      0.00         5

avg / total       0.25      0.50      0.33    820008

--------- CONFUSION MATRIX ------------
[[410952      0      0      0      0      0      0      0      0      0]
 [346491      0      0      0      0      0      0      0      0      0]
 [ 39142      0      0      0      0      0      0      0      0      0]
 [ 17227      0      0      0      0      0      0      0      0      0]
 [  3185      0      0      0      0      0      0      0      0      0]
 [  1655      0      0      0      0      0      0      0      0      0]
 [  1153      0      0      0      0      0      0      0      0      0]
 [   186      0      0      0      0      0      0      0      0      0]
 [    12      0      0      0      0      0      0      0      0      0]
 [     5      0      0      0      0      0      0      0      0      0]]


--------------------------------------------------------

------- MISCLASSIFICATION TABLE -------

SMOOTHING CONSTANT: [0.  0.1 0.2 0.3 0.4 0.5 0.6 0.7 0.8 0.9 1. ]
CV folds: 5


MISCLASSIFICATION
[[0.49872318 0.49880245 0.49883782 0.49895123 0.49884391]
 [0.4987244  0.49880367 0.49883782 0.49895123 0.49884391]
 [0.4987244  0.49880367 0.49883782 0.49895123 0.49884391]
 [0.4987244  0.49880367 0.49883782 0.49895123 0.49884391]
 [0.4987244  0.49880367 0.49883782 0.49895123 0.49884391]
 [0.4987244  0.49880367 0.49883782 0.49895123 0.49884391]
 [0.4987244  0.49880367 0.49883782 0.49895123 0.49884391]
 [0.4987244  0.49880367 0.49883782 0.49895123 0.49884391]
 [0.4987244  0.49880367 0.49883782 0.49895123 0.49884391]
 [0.4987244  0.49880367 0.49883782 0.49895123 0.49884391]
 [0.4987244  0.49880367 0.49883782 0.49895123 0.49884391]]

MISCLASSIFICATION WEIGHTED
[[0.49872318 0.49880245 0.49883782 0.49895123 0.49884391]
 [0.4987244  0.49880367 0.49883782 0.49895123 0.49884391]
 [0.4987244  0.49880367 0.49883782 0.49895123 0.49884391]
 [0.4987244  0.49880367 0.49883782 0.49895123 0.49884391]
 [0.4987244  0.49880367 0.49883782 0.49895123 0.49884391]
 [0.4987244  0.49880367 0.49883782 0.49895123 0.49884391]
 [0.4987244  0.49880367 0.49883782 0.49895123 0.49884391]
 [0.4987244  0.49880367 0.49883782 0.49895123 0.49884391]
 [0.4987244  0.49880367 0.49883782 0.49895123 0.49884391]
 [0.4987244  0.49880367 0.49883782 0.49895123 0.49884391]
 [0.4987244  0.49880367 0.49883782 0.49895123 0.49884391]]

WEIGHTS
{0: 0.5011677934849416, 1: 0.42252953629720685, 2: 0.047636608423332456, 3: 0.021106135549897074, 4: 0.00388093774694881, 5: 0.001999980487995239, 6: 0.0014243763475478288, 7: 0.00023024165617896412, 8: 1.6585204046789788e-05, 9: 7.804801904371665e-06}