Decision Tree Classification
TESTING ERROR
 [[0.33714223 0.30376459 0.40980598 0.32374605 0.30830112]
 [0.39223302 0.3192705  0.41889733 0.33933123 0.36933086]
 [0.31874611 0.41101328 0.31266692 0.30036219 0.40504994]
 [0.36823556 0.40747922 0.30054695 0.3326809  0.40744264]
 [0.3252907  0.38508912 0.29611405 0.33349187 0.39372321]]

TRAINING ERROR
 [[0.05358945 0.05724185 0.04111548 0.05652235 0.05790801]
 [0.04364442 0.05745374 0.0393472  0.05364433 0.04963217]
 [0.05732874 0.04140054 0.05594309 0.05892324 0.04243101]
 [0.04603152 0.04336692 0.05819603 0.0539476  0.04447818]
 [0.05528447 0.0444355  0.05867773 0.05575855 0.0473684 ]]


Naive Bayes Classification
TESTING ERROR
 [[0.49922562 0.5007317  0.49842075 0.50095731 0.49837197]
 [0.49911586 0.49857319 0.4975732  0.49882928 0.49653663]
 [0.4990183  0.49677443 0.49863416 0.49808539 0.50039024]
 [0.49816769 0.49967988 0.50032622 0.49772257 0.50027744]
 [0.50032622 0.49788721 0.49778965 0.49921647 0.49817379]]

TRAINING ERROR
 [[0.49915702 0.49822867 0.49858081 0.49846343 0.49884452]
 [0.49918446 0.4987683  0.49879269 0.49899544 0.49930336]
 [0.49920885 0.49921799 0.49852745 0.49918141 0.49833995]
 [0.4994215  0.49849163 0.49810444 0.49927211 0.49836816]
 [0.49888187 0.4989398  0.49873858 0.49889864 0.49889407]]


Artificial Neural Network Classification
TESTING ERROR
 [[0.00000000e+00 0.00000000e+00 1.21949732e-05 7.25600907e-04
  2.43899465e-05]
 [4.87798929e-05 0.00000000e+00 3.04874331e-05 1.82924598e-05
  1.21949732e-05]
 [3.65849197e-05 1.82924598e-05 6.09748662e-06 0.00000000e+00
  7.92673260e-05]
 [2.43900952e-05 1.21950476e-05 1.07926171e-03 1.21950476e-05
  0.00000000e+00]
 [5.48777142e-05 4.26826666e-05 1.82925714e-05 0.00000000e+00
  1.64633142e-04]]
TRAINING ERROR
 [[1.52437630e-06 0.00000000e+00 0.00000000e+00 6.02128639e-04
  0.00000000e+00]
 [1.82925156e-05 3.04875260e-06 4.57312890e-06 1.52437630e-06
  0.00000000e+00]
 [3.04875260e-06 0.00000000e+00 0.00000000e+00 0.00000000e+00
  3.65850312e-05]
 [9.14624387e-06 0.00000000e+00 1.08840302e-03 0.00000000e+00
  0.00000000e+00]
 [3.81093494e-05 1.52437398e-06 4.57312193e-06 0.00000000e+00
  1.08230552e-04]]